   1.0000000e-09   9.9999050e+02
   1.0472252e-09   9.9999006e+02
   1.0966806e-09   9.9998959e+02
   1.1484715e-09   9.9998909e+02
   1.2027083e-09   9.9998858e+02
   1.2595065e-09   9.9998804e+02
   1.3189869e-09   9.9998748e+02
   1.3812763e-09   9.9998688e+02
   1.4465073e-09   9.9998626e+02
   1.5148189e-09   9.9998562e+02
   1.5863565e-09   9.9998494e+02
   1.6612725e-09   9.9998423e+02
   1.7397264e-09   9.9998348e+02
   1.8218853e-09   9.9998270e+02
   1.9079242e-09   9.9998188e+02
   1.9980263e-09   9.9998103e+02
   2.0923835e-09   9.9998013e+02
   2.1911967e-09   9.9997919e+02
   2.2946764e-09   9.9997821e+02
   2.4030429e-09   9.9997718e+02
   2.5165271e-09   9.9997610e+02
   2.6353705e-09   9.9997498e+02
   2.7598264e-09   9.9997379e+02
   2.8901597e-09   9.9997256e+02
   3.0266481e-09   9.9997126e+02
   3.1695821e-09   9.9996990e+02
   3.3192662e-09   9.9996848e+02
   3.4760192e-09   9.9996699e+02
   3.6401748e-09   9.9996543e+02
   3.8120828e-09   9.9996380e+02
   3.9921091e-09   9.9996209e+02
   4.1806372e-09   9.9996030e+02
   4.3780686e-09   9.9995843e+02
   4.5848238e-09   9.9995646e+02
   4.8013429e-09   9.9995441e+02
   5.0280873e-09   9.9995226e+02
   5.2655396e-09   9.9995000e+02
   5.5142057e-09   9.9994764e+02
   5.7746152e-09   9.9994517e+02
   6.0473224e-09   9.9994258e+02
   6.3329084e-09   9.9993987e+02
   6.6319812e-09   9.9993703e+02
   6.9451778e-09   9.9993405e+02
   7.2731651e-09   9.9993094e+02
   7.6166417e-09   9.9992768e+02
   7.9763391e-09   9.9992426e+02
   8.3530232e-09   9.9992068e+02
   8.7474963e-09   9.9991694e+02
   9.1605985e-09   9.9991301e+02
   9.5932095e-09   9.9990891e+02
   1.0046251e-08   9.9990460e+02
   1.0520687e-08   9.9990010e+02
   1.1017528e-08   9.9989538e+02
   1.1537833e-08   9.9989044e+02
   1.2082709e-08   9.9988527e+02
   1.2653318e-08   9.9987985e+02
   1.3250873e-08   9.9987418e+02
   1.3876648e-08   9.9986823e+02
   1.4531975e-08   9.9986201e+02
   1.5218251e-08   9.9985549e+02
   1.5936935e-08   9.9984867e+02
   1.6689560e-08   9.9984152e+02
   1.7477728e-08   9.9983404e+02
   1.8303117e-08   9.9982620e+02
   1.9167485e-08   9.9981799e+02
   2.0072673e-08   9.9980940e+02
   2.1020609e-08   9.9980040e+02
   2.2013311e-08   9.9979097e+02
   2.3052894e-08   9.9978110e+02
   2.4141571e-08   9.9977076e+02
   2.5281661e-08   9.9975994e+02
   2.6475593e-08   9.9974860e+02
   2.7725908e-08   9.9973673e+02
   2.9035269e-08   9.9972429e+02
   3.0406465e-08   9.9971127e+02
   3.1842416e-08   9.9969764e+02
   3.3346180e-08   9.9968336e+02
   3.4920960e-08   9.9966840e+02
   3.6570109e-08   9.9965274e+02
   3.8297139e-08   9.9963635e+02
   4.0105729e-08   9.9961917e+02
   4.1999729e-08   9.9960119e+02
   4.3983175e-08   9.9958235e+02
   4.6060288e-08   9.9956263e+02
   4.8235494e-08   9.9954198e+02
   5.0513425e-08   9.9952034e+02
   5.2898931e-08   9.9949769e+02
   5.5397093e-08   9.9947397e+02
   5.8013231e-08   9.9944913e+02
   6.0752917e-08   9.9942311e+02
   6.3621985e-08   9.9939587e+02
   6.6626545e-08   9.9936734e+02
   6.9772996e-08   9.9933746e+02
   7.3068040e-08   9.9931047e+02
   7.6518692e-08   9.9928487e+02
   8.0132301e-08   9.9925805e+02
   8.3916564e-08   9.9923153e+02
   8.7879540e-08   9.9921689e+02
   9.2029668e-08   9.9920156e+02
   9.6375787e-08   9.9918550e+02
   1.0092715e-07   9.9916869e+02
   1.0569346e-07   9.9915108e+02
   1.1068485e-07   9.9913264e+02
   1.1591196e-07   9.9911333e+02
   1.2138593e-07   9.9909311e+02
   1.2711840e-07   9.9907193e+02
   1.3312159e-07   9.9904976e+02
   1.3940828e-07   9.9902653e+02
   1.4599187e-07   9.9900221e+02
   1.5288636e-07   9.9897675e+02
   1.6010645e-07   9.9895007e+02
   1.6766750e-07   9.9892214e+02
   1.7558563e-07   9.9889289e+02
   1.8387770e-07   9.9886226e+02
   1.9256136e-07   9.9883195e+02
   2.0165510e-07   9.9880082e+02
   2.1117830e-07   9.9876821e+02
   2.2115124e-07   9.9873406e+02
   2.3159515e-07   9.9869830e+02
   2.4253227e-07   9.9866085e+02
   2.5398591e-07   9.9862407e+02
   2.6598044e-07   9.9858665e+02
   2.7854142e-07   9.9854747e+02
   2.9169559e-07   9.9850644e+02
   3.0547097e-07   9.9846347e+02
   3.1989689e-07   9.9841847e+02
   3.3500408e-07   9.9837134e+02
   3.5082471e-07   9.9832199e+02
   3.6739248e-07   9.9827031e+02
   3.8474266e-07   9.9821619e+02
   4.0291220e-07   9.9815951e+02
   4.2193981e-07   9.9810016e+02
   4.4186600e-07   9.9803800e+02
   4.6273320e-07   9.9797291e+02
   4.8458586e-07   9.9790474e+02
   5.0747052e-07   9.9783335e+02
   5.3143592e-07   9.9775860e+02
   5.5653308e-07   9.9768031e+02
   5.8281546e-07   9.9759833e+02
   6.1033903e-07   9.9751247e+02
   6.3916241e-07   9.9742256e+02
   6.6934697e-07   9.9732840e+02
   7.0095701e-07   9.9722980e+02
   7.3405984e-07   9.9712654e+02
   7.6872595e-07   9.9701840e+02
   8.0502918e-07   9.9690516e+02
   8.4304684e-07   9.9678657e+02
   8.8285988e-07   9.9666237e+02
   9.2455311e-07   9.9653232e+02
   9.6821531e-07   9.9639612e+02
   1.0139395e-06   9.9625349e+02
   1.0618229e-06   9.9610412e+02
   1.1119677e-06   9.9594770e+02
   1.1644806e-06   9.9578389e+02
   1.2194734e-06   9.9561235e+02
   1.2770633e-06   9.9543270e+02
   1.3373729e-06   9.9524458e+02
   1.4005305e-06   9.9504756e+02
   1.4666709e-06   9.9484125e+02
   1.5359347e-06   9.9462519e+02
   1.6084695e-06   9.9439892e+02
   1.6844298e-06   9.9416197e+02
   1.7639773e-06   9.9391384e+02
   1.8472814e-06   9.9365398e+02
   1.9345197e-06   9.9338185e+02
   2.0258777e-06   9.9309687e+02
   2.1215502e-06   9.9279843e+02
   2.2217408e-06   9.9248590e+02
   2.3266629e-06   9.9215861e+02
   2.4365400e-06   9.9181586e+02
   2.5516061e-06   9.9145692e+02
   2.6721062e-06   9.9108135e+02
   2.7982969e-06   9.9070892e+02
   2.9304470e-06   9.9032743e+02
   3.0688379e-06   9.8992791e+02
   3.2137643e-06   9.8950953e+02
   3.3655350e-06   9.8907140e+02
   3.5244730e-06   9.8861257e+02
   3.6909169e-06   9.8813207e+02
   3.8652212e-06   9.8763070e+02
   4.0477570e-06   9.8711694e+02
   4.2389131e-06   9.8657521e+02
   4.4390965e-06   9.8599915e+02
   4.6487337e-06   9.8539590e+02
   4.8682710e-06   9.8476416e+02
   5.0981761e-06   9.8410258e+02
   5.3389384e-06   9.8340975e+02
   5.5910708e-06   9.8268421e+02
   5.8551102e-06   9.8193202e+02
   6.1316188e-06   9.8115760e+02
   6.4211857e-06   9.8034661e+02
   6.7244274e-06   9.7949732e+02
   7.0419898e-06   9.7860792e+02
   7.3745491e-06   9.7767653e+02
   7.7228136e-06   9.7670747e+02
   8.0875249e-06   9.7574511e+02
   8.4694598e-06   9.7474102e+02
   8.8694317e-06   9.7368951e+02
   9.2882923e-06   9.7241964e+02
   9.7269336e-06   9.7100980e+02
   1.0186290e-05   9.6953338e+02
   1.0667339e-05   9.6798723e+02
   1.1171107e-05   9.6654048e+02
   1.1698664e-05   9.6519260e+02
   1.2251136e-05   9.6380852e+02
   1.2829698e-05   9.6226691e+02
   1.3435583e-05   9.6063195e+02
   1.4070081e-05   9.5891978e+02
   1.4734543e-05   9.5713576e+02
   1.5430385e-05   9.5543935e+02
   1.6159088e-05   9.5350464e+02
   1.6922204e-05   9.5140257e+02
   1.7721358e-05   9.4920124e+02
   1.8558252e-05   9.4688208e+02
   1.9434669e-05   9.4422464e+02
   2.0352475e-05   9.4135577e+02
   2.1313625e-05   9.3867926e+02
   2.2320165e-05   9.3599392e+02
   2.3374239e-05   9.3336687e+02
   2.4478092e-05   9.3060676e+02
   2.5634074e-05   9.2715243e+02
   2.6844648e-05   9.2335968e+02
   2.8112392e-05   9.2023868e+02
   2.9440005e-05   9.1705459e+02
   3.0830315e-05   9.1385388e+02
   3.2286282e-05   9.1073758e+02
   3.3811008e-05   9.0761212e+02
   3.5407739e-05   9.0432296e+02
   3.7079876e-05   9.0020372e+02
   3.8830980e-05   8.9516821e+02
   4.0664781e-05   8.9014684e+02
   4.2585183e-05   8.8548428e+02
   4.4596276e-05   8.8162043e+02
   4.6702344e-05   8.7608055e+02
   4.8907871e-05   8.6951737e+02
   5.1217554e-05   8.6449405e+02
   5.3636313e-05   8.5958283e+02
   5.6169298e-05   8.5322869e+02
   5.8821904e-05   8.4723502e+02
   6.1599780e-05   8.4147524e+02
   6.4508841e-05   8.3519823e+02
   6.7555283e-05   8.2867892e+02
   7.0745594e-05   8.2221797e+02
   7.4086568e-05   8.1610678e+02
   7.7585321e-05   8.0996095e+02
   8.1249302e-05   8.0340995e+02
   8.5086316e-05   7.9668995e+02
   8.9104533e-05   7.8632000e+02
   9.3312512e-05   7.7734492e+02
   9.7719213e-05   7.6882398e+02
   1.0233402e-04   7.6061531e+02
   1.0716676e-04   7.5174979e+02
   1.1222774e-04   7.3972871e+02
   1.1752771e-04   7.3128361e+02
   1.2307798e-04   7.2333900e+02
   1.2889036e-04   7.1554920e+02
   1.3497723e-04   7.0875443e+02
   1.4135156e-04   7.0228269e+02
   1.4802691e-04   6.9593544e+02
   1.5501751e-04   6.8733144e+02
   1.6233824e-04   6.7396077e+02
   1.7000470e-04   6.6239019e+02
   1.7803320e-04   6.5097440e+02
   1.8644085e-04   6.3915527e+02
   1.9524556e-04   6.2721381e+02
   2.0446607e-04   6.1575482e+02
   2.1412202e-04   6.0408081e+02
   2.2423397e-04   5.9157456e+02
   2.3482346e-04   5.7876398e+02
   2.4591304e-04   5.6736860e+02
   2.5752633e-04   5.5469035e+02
   2.6968806e-04   5.4080898e+02
   2.8242413e-04   5.3094879e+02
   2.9576167e-04   5.2011596e+02
   3.0972907e-04   5.0940072e+02
   3.2435608e-04   4.9884104e+02
   3.3967386e-04   4.8880991e+02
   3.5571502e-04   4.7936769e+02
   3.7251373e-04   4.6983290e+02
   3.9010576e-04   4.5828393e+02
   4.0852858e-04   4.4550627e+02
   4.2782142e-04   4.3034892e+02
   4.4802537e-04   4.1998088e+02
   4.6918345e-04   4.0830228e+02
   4.9134073e-04   3.9736551e+02
   5.1454439e-04   3.8875262e+02
   5.3884384e-04   3.8094792e+02
   5.6429085e-04   3.7284517e+02
   5.9093959e-04   3.6105691e+02
   6.1884682e-04   3.4960211e+02
   6.4807198e-04   3.3819341e+02
   6.7867731e-04   3.2936543e+02
   7.1072797e-04   3.1971349e+02
   7.4429223e-04   3.0941090e+02
   7.7944158e-04   2.9888749e+02
   8.1625085e-04   2.8994167e+02
   8.5479845e-04   2.8100419e+02
   8.9516647e-04   2.7042989e+02
   9.3744088e-04   2.6289423e+02
   9.8171170e-04   2.5283334e+02
   1.0280732e-03   2.4447604e+02
   1.0766242e-03   2.3686907e+02
   1.1274680e-03   2.2936771e+02
   1.1807128e-03   2.2177822e+02
   1.2364722e-03   2.1397314e+02
   1.2948649e-03   2.0695283e+02
   1.3560151e-03   1.9921848e+02
   1.4200532e-03   1.9094431e+02
   1.4871155e-03   1.8361687e+02
   1.5573448e-03   1.7669950e+02
   1.6308907e-03   1.6885876e+02
   1.7079098e-03   1.6115619e+02
   1.7885662e-03   1.5265012e+02
   1.8730315e-03   1.4580882e+02
   1.9614858e-03   1.4097728e+02
   2.0541173e-03   1.3632135e+02
   2.1511234e-03   1.3104115e+02
   2.2527106e-03   1.2603126e+02
   2.3590953e-03   1.2209648e+02
   2.4705041e-03   1.1796370e+02
   2.5871741e-03   1.1318236e+02
   2.7093539e-03   1.0854922e+02
   2.8373036e-03   1.0516733e+02
   2.9712958e-03   1.0166285e+02
   3.1116158e-03   9.8528286e+01
   3.2585625e-03   9.5179325e+01
   3.4124487e-03   9.1414435e+01
   3.5736022e-03   8.6912430e+01
   3.7423663e-03   8.2859510e+01
   3.9191002e-03   7.9777150e+01
   4.1041805e-03   7.6696673e+01
   4.2980012e-03   7.4361901e+01
   4.5009751e-03   7.2556270e+01
   4.7135345e-03   6.9663623e+01
   4.9361321e-03   6.7512638e+01
   5.1692419e-03   6.5355355e+01
   5.4133603e-03   6.3254881e+01
   5.6690073e-03   6.1684276e+01
   5.9367272e-03   6.0000137e+01
   6.2170903e-03   5.8053051e+01
   6.5106936e-03   5.6553007e+01
   6.8181623e-03   5.5326187e+01
   7.1401513e-03   5.4041429e+01
   7.4773463e-03   5.2530800e+01
   7.8304654e-03   5.1385327e+01
   8.2002606e-03   5.0633298e+01
   8.5875195e-03   5.0105940e+01
   8.9930667e-03   4.9386781e+01
   9.4177660e-03   4.8331391e+01
   9.8625218e-03   4.7530129e+01
   1.0328281e-02   4.6266873e+01
   1.0816036e-02   4.4338335e+01
   1.1326826e-02   4.1678272e+01
   1.1861737e-02   4.0639033e+01
   1.2421910e-02   4.0464711e+01
   1.3008537e-02   3.9310399e+01
   1.3622868e-02   3.8319297e+01
   1.4266210e-02   3.9022145e+01
   1.4939935e-02   3.7921528e+01
   1.5645476e-02   3.5951451e+01
   1.6384336e-02   3.4429465e+01
   1.7158090e-02   3.4486675e+01
   1.7968384e-02   3.4663177e+01
   1.8816944e-02   3.3937401e+01
   1.9705578e-02   3.3268403e+01
   2.0636178e-02   3.3329363e+01
   2.1610725e-02   3.3089449e+01
   2.2631296e-02   3.2384478e+01
   2.3700063e-02   3.0871509e+01
   2.4819303e-02   2.9872062e+01
   2.5991399e-02   3.0557383e+01
   2.7218848e-02   3.1761429e+01
   2.8504263e-02   3.2683283e+01
   2.9850382e-02   3.2330549e+01
   3.1260072e-02   3.0273841e+01
   3.2736335e-02   3.0195723e+01
   3.4282315e-02   2.8540258e+01
   3.5901304e-02   2.7697939e+01
   3.7596750e-02   2.8516136e+01
   3.9372263e-02   3.2493585e+01
   4.1231626e-02   3.3233735e+01
   4.3178797e-02   3.3034646e+01
   4.5217924e-02   3.0172093e+01
   4.7353349e-02   3.1157490e+01
   4.9589620e-02   3.2273484e+01
   5.1931499e-02   3.1674706e+01
   5.4383974e-02   2.9094677e+01
   5.6952268e-02   3.0597065e+01
   5.9641849e-02   3.2229412e+01
   6.2458447e-02   3.1046619e+01
   6.5408059e-02   2.7371417e+01
   6.8496967e-02   2.9093768e+01
   7.1731749e-02   2.7885272e+01
   7.5119295e-02   2.8983920e+01
   7.8666818e-02   2.8683468e+01
   8.2381873e-02   3.0149278e+01
   8.6272373e-02   3.1213898e+01
   9.0346602e-02   3.0811861e+01
   9.4613238e-02   2.9710506e+01
   9.9081366e-02   2.9467606e+01
   1.0376050e-01   3.0776222e+01
   1.0866061e-01   3.0725260e+01
   1.1379213e-01   3.2667209e+01
   1.1916598e-01   3.1487869e+01
   1.2479362e-01   3.0379654e+01
   1.3068702e-01   3.1950170e+01
   1.3685874e-01   2.7190545e+01
   1.4332192e-01   2.9331068e+01
   1.5009033e-01   2.8124336e+01
   1.5717837e-01   2.9849071e+01
   1.6460115e-01   2.8485906e+01
   1.7237447e-01   3.3336347e+01
   1.8051489e-01   3.4118643e+01
   1.8903974e-01   2.7785974e+01
   1.9796718e-01   3.1174078e+01
   2.0731621e-01   3.1370926e+01
   2.1710676e-01   3.0283211e+01
   2.2735967e-01   2.8532703e+01
   2.3809677e-01   2.8270227e+01
   2.4934094e-01   2.9686515e+01
   2.6111611e-01   3.3315017e+01
   2.7344737e-01   3.0929420e+01
   2.8636097e-01   3.2243589e+01
   2.9988442e-01   3.1059265e+01
   3.1404652e-01   3.0399272e+01
   3.2887743e-01   2.9255214e+01
   3.4440873e-01   3.0919578e+01
   3.6067350e-01   3.3022713e+01
   3.7770637e-01   3.0583536e+01
   3.9554362e-01   3.1976274e+01
   4.1422325e-01   3.4121647e+01
   4.3378502e-01   2.7874487e+01
   4.5427060e-01   3.3847399e+01
   4.7572361e-01   3.1130731e+01
   4.9818975e-01   3.0947272e+01
   5.2171686e-01   2.7289307e+01
   5.4635504e-01   2.7173447e+01
   5.7215676e-01   3.2903715e+01
   5.9917697e-01   3.2443960e+01
   6.2747321e-01   3.2081537e+01
   6.5710575e-01   3.0435473e+01
   6.8813770e-01   3.0967286e+01
   7.2063513e-01   3.2047075e+01
   7.5466726e-01   2.9964836e+01
   7.9030657e-01   3.0588788e+01
   8.2762895e-01   3.1602510e+01
   8.6671388e-01   3.3433942e+01
   9.0764461e-01   3.1021133e+01
   9.5050830e-01   3.2461972e+01
   9.9539623e-01   2.9786466e+01
   1.0424040e+00             NaN
   1.0916317e+00             NaN
   1.1431843e+00             NaN
   1.1971713e+00             NaN
   1.2537080e+00             NaN
   1.3129146e+00             NaN
   1.3749172e+00             NaN
   1.4398480e+00             NaN
   1.5078450e+00             NaN
   1.5790533e+00             NaN
   1.6536244e+00             NaN
   1.7317171e+00             NaN
   1.8134978e+00             NaN
   1.8991406e+00             NaN
   1.9888279e+00             NaN
   2.0827506e+00             NaN
   2.1811089e+00             NaN
   2.2841122e+00             NaN
   2.3919798e+00             NaN
   2.5049415e+00             NaN
   2.6232379e+00             NaN
   2.7471208e+00             NaN
   2.8768541e+00             NaN
   3.0127141e+00             NaN
   3.1549901e+00             NaN
   3.3039851e+00             NaN
   3.4600164e+00             NaN
   3.6234163e+00             NaN
   3.7945328e+00             NaN
   3.9737304e+00             NaN
   4.1613906e+00             NaN
   4.3579130e+00             NaN
   4.5637163e+00             NaN
   4.7792386e+00             NaN
   5.0049391e+00             NaN
   5.2412983e+00             NaN
   5.4888196e+00             NaN
   5.7480302e+00             NaN
   6.0194820e+00             NaN
   6.3037532e+00             NaN
   6.6014491e+00             NaN
   6.9132038e+00             NaN
   7.2396811e+00             NaN
   7.5815765e+00             NaN
   7.9396178e+00             NaN
   8.3145678e+00             NaN
   8.7072248e+00             NaN
   9.1184252e+00             NaN
   9.5490446e+00             NaN
   1.0000000e+01             NaN
