   0.0000000e+00   1.0000000e+03
   5.1500000e-09   9.9998419e+02
   1.0300000e-08   9.9996837e+02
   2.4400000e-08   9.9992521e+02
   3.8400000e-08   9.9988206e+02
   5.2500000e-08   9.9983890e+02
   6.6500000e-08   9.9979576e+02
   9.4900000e-08   9.9970877e+02
   1.4600000e-07   9.9955207e+02
   2.3900000e-07   9.9926771e+02
   4.5000000e-07   9.9861978e+02
   6.6200000e-07   9.9797269e+02
   8.7300000e-07   9.9732644e+02
   1.0800000e-06   9.9668103e+02
   1.4700000e-06   9.9550964e+02
   1.8500000e-06   9.9434101e+02
   2.2400000e-06   9.9317513e+02
   2.6200000e-06   9.9201197e+02
   3.0100000e-06   9.9085154e+02
   3.6700000e-06   9.8885526e+02
   4.6800000e-06   9.8584618e+02
   5.6800000e-06   9.8285536e+02
   6.6900000e-06   9.7988264e+02
   7.6900000e-06   9.7692787e+02
   8.7000000e-06   9.7399086e+02
   9.7000000e-06   9.7107148e+02
   1.0700000e-05   9.6816955e+02
   1.2500000e-05   9.6315969e+02
   1.4200000e-05   9.5820144e+02
   1.7300000e-05   9.4945436e+02
   2.0500000e-05   9.4086562e+02
   2.3600000e-05   9.3243096e+02
   2.6700000e-05   9.2414628e+02
   2.9900000e-05   9.1600762e+02
   3.3000000e-05   9.0801114e+02
   3.7800000e-05   8.9591583e+02
   4.2700000e-05   8.8413873e+02
   4.7500000e-05   8.7266746e+02
   5.2400000e-05   8.6149025e+02
   5.7200000e-05   8.5059595e+02
   6.2100000e-05   8.3997396e+02
   6.6900000e-05   8.2961419e+02
   7.1800000e-05   8.1950707e+02
   7.6600000e-05   8.0964345e+02
   8.1400000e-05   8.0001466e+02
   8.6300000e-05   7.9061241e+02
   9.1100000e-05   7.8142880e+02
   9.6000000e-05   7.7245629e+02
   1.0100000e-04   7.6368770e+02
   1.0600000e-04   7.5511615e+02
   1.1000000e-04   7.4673508e+02
   1.1500000e-04   7.3853822e+02
   1.2000000e-04   7.3051955e+02
   1.2500000e-04   7.2267334e+02
   1.3000000e-04   7.1499409e+02
   1.3500000e-04   7.0747652e+02
   1.4000000e-04   7.0011559e+02
   1.4400000e-04   6.9290645e+02
   1.4900000e-04   6.8584445e+02
   1.5400000e-04   6.7892515e+02
   1.5900000e-04   6.7214427e+02
   1.6400000e-04   6.6549769e+02
   1.6900000e-04   6.5898146e+02
   1.7300000e-04   6.5259180e+02
   1.7800000e-04   6.4632505e+02
   1.8300000e-04   6.4017770e+02
   1.8800000e-04   6.3414637e+02
   1.9300000e-04   6.2822782e+02
   1.9800000e-04   6.2241891e+02
   2.0300000e-04   6.1671663e+02
   2.0700000e-04   6.1111807e+02
   2.1200000e-04   6.0562042e+02
   2.1700000e-04   6.0022099e+02
   2.2200000e-04   5.9491717e+02
   2.2700000e-04   5.8970644e+02
   2.3200000e-04   5.8458638e+02
   2.3600000e-04   5.7955464e+02
   2.4100000e-04   5.7460897e+02
   2.4600000e-04   5.6974716e+02
   2.5100000e-04   5.6496711e+02
   2.5600000e-04   5.6026678e+02
   2.6100000e-04   5.5564419e+02
   2.6500000e-04   5.5109743e+02
   2.7000000e-04   5.4662465e+02
   2.7500000e-04   5.4222406e+02
   2.8000000e-04   5.3789393e+02
   2.8500000e-04   5.3363258e+02
   2.9000000e-04   5.2943839e+02
   2.9500000e-04   5.2530979e+02
   3.0200000e-04   5.1918827e+02
   3.0900000e-04   5.1320816e+02
   3.1700000e-04   5.0736462e+02
   3.2400000e-04   5.0165303e+02
   3.3100000e-04   4.9606897e+02
   3.3900000e-04   4.9060823e+02
   3.4600000e-04   4.8526677e+02
   3.5300000e-04   4.8004072e+02
   3.6000000e-04   4.7492641e+02
   3.6800000e-04   4.6992027e+02
   3.7500000e-04   4.6501893e+02
   3.8200000e-04   4.6021913e+02
   3.9000000e-04   4.5551775e+02
   3.9700000e-04   4.5091180e+02
   4.0400000e-04   4.4639841e+02
   4.1200000e-04   4.4197482e+02
   4.1900000e-04   4.3763838e+02
   4.2600000e-04   4.3338654e+02
   4.3400000e-04   4.2921687e+02
   4.4100000e-04   4.2512699e+02
   4.4800000e-04   4.2111466e+02
   4.5600000e-04   4.1717768e+02
   4.6300000e-04   4.1331396e+02
   4.7000000e-04   4.0952148e+02
   4.7800000e-04   4.0579828e+02
   4.8500000e-04   4.0214249e+02
   4.9200000e-04   3.9855230e+02
   5.0000000e-04   3.9502597e+02
   5.0700000e-04   3.9156180e+02
   5.1400000e-04   3.8815817e+02
   5.2200000e-04   3.8481351e+02
   5.2900000e-04   3.8152631e+02
   5.3600000e-04   3.7829510e+02
   5.4400000e-04   3.7511847e+02
   5.5100000e-04   3.7199504e+02
   5.5800000e-04   3.6892350e+02
   5.6600000e-04   3.6590256e+02
   5.7300000e-04   3.6293099e+02
   5.8000000e-04   3.6000759e+02
   5.8800000e-04   3.5713121e+02
   5.9500000e-04   3.5430071e+02
   6.0200000e-04   3.5151501e+02
   6.0900000e-04   3.4877307e+02
   6.2100000e-04   3.4471839e+02
   6.3200000e-04   3.4075755e+02
   6.4300000e-04   3.3688732e+02
   6.5400000e-04   3.3310465e+02
   6.6500000e-04   3.2940659e+02
   6.7600000e-04   3.2579037e+02
   6.8700000e-04   3.2225328e+02
   6.9800000e-04   3.1879278e+02
   7.0900000e-04   3.1540642e+02
   7.2000000e-04   3.1209183e+02
   7.3100000e-04   3.0884677e+02
   7.4200000e-04   3.0566908e+02
   7.5300000e-04   3.0255670e+02
   7.6400000e-04   2.9950764e+02
   7.7500000e-04   2.9651998e+02
   7.8600000e-04   2.9359191e+02
   7.9700000e-04   2.9072166e+02
   8.0800000e-04   2.8790754e+02
   8.1900000e-04   2.8514793e+02
   8.3000000e-04   2.8244127e+02
   8.4100000e-04   2.7978605e+02
   8.5200000e-04   2.7718083e+02
   8.6400000e-04   2.7462421e+02
   8.7500000e-04   2.7211486e+02
   8.8600000e-04   2.6965147e+02
   8.9700000e-04   2.6723280e+02
   9.0800000e-04   2.6485766e+02
   9.1900000e-04   2.6252487e+02
   9.3000000e-04   2.6023333e+02
   9.4100000e-04   2.5798196e+02
   9.5200000e-04   2.5576971e+02
   9.6300000e-04   2.5359557e+02
   9.7400000e-04   2.5145858e+02
   9.8500000e-04   2.4935780e+02
   9.9600000e-04   2.4729232e+02
   1.0071150e-03   2.4526125e+02
   1.0181610e-03   2.4326376e+02
   1.0292060e-03   2.4129902e+02
   1.0402510e-03   2.3936623e+02
   1.0512960e-03   2.3746464e+02
   1.0623420e-03   2.3559348e+02
   1.0733870e-03   2.3375205e+02
   1.0899660e-03   2.3104239e+02
   1.1065440e-03   2.2839585e+02
   1.1231230e-03   2.2581027e+02
   1.1397010e-03   2.2328357e+02
   1.1562800e-03   2.2081378e+02
   1.1728580e-03   2.1839901e+02
   1.1894370e-03   2.1603745e+02
   1.2060150e-03   2.1372738e+02
   1.2225940e-03   2.1146714e+02
   1.2391730e-03   2.0925515e+02
   1.2557510e-03   2.0708988e+02
   1.2723300e-03   2.0496990e+02
   1.2889080e-03   2.0289379e+02
   1.3054870e-03   2.0086023e+02
   1.3220650e-03   1.9886793e+02
   1.3386440e-03   1.9691565e+02
   1.3552220e-03   1.9500221e+02
   1.3718010e-03   1.9312648e+02
   1.3883790e-03   1.9128736e+02
   1.4049580e-03   1.8948379e+02
   1.4215370e-03   1.8771477e+02
   1.4381150e-03   1.8597932e+02
   1.4546940e-03   1.8427650e+02
   1.4712720e-03   1.8260541e+02
   1.4878510e-03   1.8096519e+02
   1.5044290e-03   1.7935498e+02
   1.5210080e-03   1.7777398e+02
   1.5375860e-03   1.7622142e+02
   1.5541650e-03   1.7469653e+02
   1.5707430e-03   1.7319860e+02
   1.5873220e-03   1.7172693e+02
   1.6039010e-03   1.7028083e+02
   1.6204790e-03   1.6885965e+02
   1.6370580e-03   1.6746276e+02
   1.6536360e-03   1.6608955e+02
   1.6702150e-03   1.6473944e+02
   1.6867930e-03   1.6341184e+02
   1.7033720e-03   1.6210621e+02
   1.7199500e-03   1.6082202e+02
   1.7365290e-03   1.5955874e+02
   1.7531070e-03   1.5831587e+02
   1.7696860e-03   1.5709294e+02
   1.7862650e-03   1.5588947e+02
   1.8112600e-03   1.5411076e+02
   1.8362560e-03   1.5237376e+02
   1.8612520e-03   1.5067704e+02
   1.8862480e-03   1.4901924e+02
   1.9112440e-03   1.4739904e+02
   1.9362400e-03   1.4581521e+02
   1.9612360e-03   1.4426656e+02
   1.9862320e-03   1.4275193e+02
   2.0112280e-03   1.4127024e+02
   2.0362240e-03   1.3982044e+02
   2.0612200e-03   1.3840153e+02
   2.0862150e-03   1.3701255e+02
   2.1112110e-03   1.3565258e+02
   2.1362070e-03   1.3432073e+02
   2.1612030e-03   1.3301616e+02
   2.1861990e-03   1.3173805e+02
   2.2111950e-03   1.3048562e+02
   2.2361910e-03   1.2925811e+02
   2.2611870e-03   1.2805481e+02
   2.2861830e-03   1.2687502e+02
   2.3111790e-03   1.2571807e+02
   2.3361740e-03   1.2458332e+02
   2.3611700e-03   1.2347014e+02
   2.3861660e-03   1.2237794e+02
   2.4111620e-03   1.2130615e+02
   2.4361580e-03   1.2025421e+02
   2.4611540e-03   1.1922158e+02
   2.4861500e-03   1.1820776e+02
   2.5111460e-03   1.1721224e+02
   2.5361420e-03   1.1623454e+02
   2.5611380e-03   1.1527420e+02
   2.5861340e-03   1.1433078e+02
   2.6111290e-03   1.1340384e+02
   2.6361250e-03   1.1249296e+02
   2.6611210e-03   1.1159774e+02
   2.6861170e-03   1.1071779e+02
   2.7111130e-03   1.0985274e+02
   2.7361090e-03   1.0900221e+02
   2.7611050e-03   1.0816586e+02
   2.7861010e-03   1.0734334e+02
   2.8110970e-03   1.0653432e+02
   2.8360930e-03   1.0573849e+02
   2.8736190e-03   1.0456776e+02
   2.9111460e-03   1.0342503e+02
   2.9486730e-03   1.0230934e+02
   2.9862000e-03   1.0121977e+02
   3.0237270e-03   1.0015545e+02
   3.0612540e-03   9.9115519e+01
   3.0987810e-03   9.8099192e+01
   3.1363070e-03   9.7105694e+01
   3.1738340e-03   9.6134292e+01
   3.2113610e-03   9.5184281e+01
   3.2488880e-03   9.4254986e+01
   3.2864150e-03   9.3345761e+01
   3.3239420e-03   9.2455986e+01
   3.3614680e-03   9.1585067e+01
   3.3989950e-03   9.0732433e+01
   3.4365220e-03   8.9897536e+01
   3.4740490e-03   8.9079850e+01
   3.5115760e-03   8.8278868e+01
   3.5491030e-03   8.7494106e+01
   3.5866300e-03   8.6725094e+01
   3.6241560e-03   8.5971385e+01
   3.6616830e-03   8.5232544e+01
   3.6992100e-03   8.4508156e+01
   3.7367370e-03   8.3797819e+01
   3.7742640e-03   8.3101146e+01
   3.8117910e-03   8.2417765e+01
   3.8493170e-03   8.1747317e+01
   3.8868440e-03   8.1089455e+01
   3.9243710e-03   8.0443846e+01
   3.9618980e-03   7.9810166e+01
   3.9994250e-03   7.9188105e+01
   4.0369520e-03   7.8577361e+01
   4.0744780e-03   7.7977645e+01
   4.1120050e-03   7.7388677e+01
   4.1495320e-03   7.6810184e+01
   4.1870590e-03   7.6241905e+01
   4.2245860e-03   7.5683586e+01
   4.2621130e-03   7.5134983e+01
   4.2996400e-03   7.4595858e+01
   4.3371660e-03   7.4065982e+01
   4.3746930e-03   7.3545132e+01
   4.4122200e-03   7.3033093e+01
   4.4689610e-03   7.2275162e+01
   4.5257010e-03   7.1536207e+01
   4.5824420e-03   7.0815567e+01
   4.6391820e-03   7.0112612e+01
   4.6959230e-03   6.9426740e+01
   4.7526630e-03   6.8757375e+01
   4.8094040e-03   6.8103969e+01
   4.8661440e-03   6.7465994e+01
   4.9228850e-03   6.6842949e+01
   4.9796250e-03   6.6234352e+01
   5.0363660e-03   6.5639742e+01
   5.0931060e-03   6.5058676e+01
   5.1498470e-03   6.4490732e+01
   5.2065870e-03   6.3935503e+01
   5.2633280e-03   6.3392600e+01
   5.3200680e-03   6.2861649e+01
   5.3768090e-03   6.2342289e+01
   5.4335490e-03   6.1834177e+01
   5.4902900e-03   6.1336981e+01
   5.5470300e-03   6.0850382e+01
   5.6037710e-03   6.0374073e+01
   5.6605110e-03   5.9907759e+01
   5.7172520e-03   5.9451157e+01
   5.7739920e-03   5.9003992e+01
   5.8307330e-03   5.8566003e+01
   5.8874730e-03   5.8136934e+01
   5.9442140e-03   5.7716542e+01
   6.0009540e-03   5.7304591e+01
   6.0576950e-03   5.6900852e+01
   6.1144350e-03   5.6505108e+01
   6.1711760e-03   5.6117146e+01
   6.2279160e-03   5.5736761e+01
   6.2846570e-03   5.5363756e+01
   6.3413970e-03   5.4997941e+01
   6.3981380e-03   5.4639131e+01
   6.4548780e-03   5.4287148e+01
   6.5116190e-03   5.3941820e+01
   6.5683590e-03   5.3602980e+01
   6.6251000e-03   5.3270467e+01
   6.6818400e-03   5.2944125e+01
   6.7385810e-03   5.2623803e+01
   6.8239970e-03   5.2152628e+01
   6.9094130e-03   5.1694287e+01
   6.9948290e-03   5.1248322e+01
   7.0802450e-03   5.0814298e+01
   7.1656620e-03   5.0391800e+01
   7.2510780e-03   4.9980429e+01
   7.3364940e-03   4.9579807e+01
   7.4219100e-03   4.9189570e+01
   7.5073260e-03   4.8809372e+01
   7.5927420e-03   4.8438880e+01
   7.6781590e-03   4.8077777e+01
   7.7635750e-03   4.7725757e+01
   7.8489910e-03   4.7382530e+01
   7.9344070e-03   4.7047815e+01
   8.0198230e-03   4.6721343e+01
   8.1052390e-03   4.6402858e+01
   8.1906560e-03   4.6092111e+01
   8.2760720e-03   4.5788866e+01
   8.3614880e-03   4.5492894e+01
   8.4469040e-03   4.5203976e+01
   8.5323200e-03   4.4921901e+01
   8.6177370e-03   4.4646467e+01
   8.7031530e-03   4.4377477e+01
   8.7885690e-03   4.4114745e+01
   8.8739850e-03   4.3858089e+01
   8.9594010e-03   4.3607335e+01
   9.0448170e-03   4.3362315e+01
   9.1302340e-03   4.3122867e+01
   9.2156500e-03   4.2888836e+01
   9.3010660e-03   4.2660070e+01
   9.3864820e-03   4.2436424e+01
   9.4718980e-03   4.2217758e+01
   9.5573140e-03   4.2003936e+01
   9.6427310e-03   4.1794828e+01
   9.7281470e-03   4.1590308e+01
   9.8135630e-03   4.1390253e+01
   9.8989790e-03   4.1194545e+01
   9.9843950e-03   4.1003070e+01
   1.0069811e-02   4.0815719e+01
   1.0198309e-02   4.0541405e+01
   1.0326806e-02   4.0275832e+01
   1.0455303e-02   4.0018667e+01
   1.0583800e-02   3.9769593e+01
   1.0712297e-02   3.9528309e+01
   1.0840794e-02   3.9294526e+01
   1.0969292e-02   3.9067969e+01
   1.1097789e-02   3.8848376e+01
   1.1226286e-02   3.8635495e+01
   1.1354783e-02   3.8429087e+01
   1.1483280e-02   3.8228923e+01
   1.1611777e-02   3.8034782e+01
   1.1740274e-02   3.7846456e+01
   1.1868772e-02   3.7663741e+01
   1.1997269e-02   3.7486447e+01
   1.2125766e-02   3.7314387e+01
   1.2254263e-02   3.7147385e+01
   1.2382760e-02   3.6985270e+01
   1.2511257e-02   3.6827880e+01
   1.2639754e-02   3.6675058e+01
   1.2768252e-02   3.6526653e+01
   1.2896749e-02   3.6382520e+01
   1.3025246e-02   3.6242522e+01
   1.3153743e-02   3.6106523e+01
   1.3282240e-02   3.5974397e+01
   1.3410737e-02   3.5846018e+01
   1.3539235e-02   3.5721269e+01
   1.3667732e-02   3.5600034e+01
   1.3796229e-02   3.5482204e+01
   1.3924726e-02   3.5367671e+01
   1.4053223e-02   3.5256335e+01
   1.4181720e-02   3.5148095e+01
   1.4310217e-02   3.5042858e+01
   1.4438715e-02   3.4940530e+01
   1.4567212e-02   3.4841024e+01
   1.4695709e-02   3.4744255e+01
   1.4824206e-02   3.4650139e+01
   1.5018139e-02   3.4512945e+01
   1.5212072e-02   3.4381354e+01
   1.5406005e-02   3.4255116e+01
   1.5599939e-02   3.4133997e+01
   1.5793872e-02   3.4017770e+01
   1.5987805e-02   3.3906224e+01
   1.6181738e-02   3.3799156e+01
   1.6375671e-02   3.3696373e+01
   1.6569604e-02   3.3597691e+01
   1.6763537e-02   3.3502935e+01
   1.6957470e-02   3.3411940e+01
   1.7151404e-02   3.3324546e+01
   1.7345337e-02   3.3240602e+01
   1.7539270e-02   3.3159963e+01
   1.7733203e-02   3.3082493e+01
   1.7927136e-02   3.3008060e+01
   1.8121069e-02   3.2936538e+01
   1.8315002e-02   3.2867807e+01
   1.8508935e-02   3.2801755e+01
   1.8702869e-02   3.2738270e+01
   1.8896802e-02   3.2677248e+01
   1.9090735e-02   3.2618591e+01
   1.9284668e-02   3.2562202e+01
   1.9478601e-02   3.2507989e+01
   1.9672534e-02   3.2455866e+01
   1.9866467e-02   3.2405749e+01
   2.0060400e-02   3.2357558e+01
   2.0254334e-02   3.2311215e+01
   2.0448267e-02   3.2266649e+01
   2.0642200e-02   3.2223787e+01
   2.0836133e-02   3.2182564e+01
   2.1030066e-02   3.2142914e+01
   2.1223999e-02   3.2104776e+01
   2.1417932e-02   3.2068091e+01
   2.1611865e-02   3.2032800e+01
   2.1905120e-02   3.1981966e+01
   2.2198374e-02   3.1934020e+01
   2.2491628e-02   3.1888794e+01
   2.2784882e-02   3.1846130e+01
   2.3078136e-02   3.1805879e+01
   2.3371390e-02   3.1767904e+01
   2.3664644e-02   3.1732072e+01
   2.3957898e-02   3.1698260e+01
   2.4251152e-02   3.1666353e+01
   2.4544406e-02   3.1636241e+01
   2.4837660e-02   3.1607822e+01
   2.5130914e-02   3.1581000e+01
   2.5424168e-02   3.1555683e+01
   2.5717422e-02   3.1531786e+01
   2.6010677e-02   3.1509229e+01
   2.6303931e-02   3.1487934e+01
   2.6597185e-02   3.1467832e+01
   2.6890439e-02   3.1448854e+01
   2.7183693e-02   3.1430937e+01
   2.7476947e-02   3.1414021e+01
   2.7770201e-02   3.1398049e+01
   2.8063455e-02   3.1382970e+01
   2.8356709e-02   3.1368731e+01
   2.8649963e-02   3.1355287e+01
   2.8943217e-02   3.1342591e+01
   2.9236471e-02   3.1330604e+01
   2.9529725e-02   3.1319284e+01
   2.9822979e-02   3.1308594e+01
   3.0116234e-02   3.1298500e+01
   3.0409488e-02   3.1288967e+01
   3.0702742e-02   3.1279964e+01
   3.0995996e-02   3.1271463e+01
   3.1289250e-02   3.1263434e+01
   3.1729218e-02   3.1252217e+01
   3.2169186e-02   3.1241922e+01
   3.2609154e-02   3.1232473e+01
   3.3049121e-02   3.1223801e+01
   3.3489089e-02   3.1215841e+01
   3.3929057e-02   3.1208534e+01
   3.4369025e-02   3.1201827e+01
   3.4808993e-02   3.1195671e+01
   3.5248961e-02   3.1190020e+01
   3.5688929e-02   3.1184832e+01
   3.6128897e-02   3.1180070e+01
   3.6568865e-02   3.1175699e+01
   3.7008833e-02   3.1171686e+01
   3.7448801e-02   3.1168002e+01
   3.7888768e-02   3.1164620e+01
   3.8328736e-02   3.1161516e+01
   3.8768704e-02   3.1158666e+01
   3.9208672e-02   3.1156049e+01
   3.9648640e-02   3.1153647e+01
   4.0088608e-02   3.1151442e+01
   4.0528576e-02   3.1149418e+01
   4.0968544e-02   3.1147559e+01
   4.1408512e-02   3.1145853e+01
   4.1848480e-02   3.1144286e+01
   4.2288448e-02   3.1142848e+01
   4.2728415e-02   3.1141528e+01
   4.3168383e-02   3.1140316e+01
   4.3608351e-02   3.1139203e+01
   4.4269228e-02   3.1137700e+01
   4.4930104e-02   3.1136379e+01
   4.5590981e-02   3.1135217e+01
   4.6251857e-02   3.1134194e+01
   4.6912734e-02   3.1133295e+01
   4.7573610e-02   3.1132504e+01
   4.8234486e-02   3.1131809e+01
   4.8895363e-02   3.1131197e+01
   4.9556239e-02   3.1130659e+01
   5.0217116e-02   3.1130185e+01
   5.0877992e-02   3.1129769e+01
   5.1538869e-02   3.1129403e+01
   5.2199745e-02   3.1129081e+01
   5.2860622e-02   3.1128798e+01
   5.3521498e-02   3.1128549e+01
   5.4182375e-02   3.1128329e+01
   5.4843251e-02   3.1128137e+01
   5.5504127e-02   3.1127967e+01
   5.6165004e-02   3.1127818e+01
   5.6825880e-02   3.1127687e+01
   5.7821647e-02   3.1127519e+01
   5.8817413e-02   3.1127380e+01
   5.9813179e-02   3.1127265e+01
   6.0808945e-02   3.1127171e+01
   6.1804711e-02   3.1127093e+01
   6.2800478e-02   3.1127029e+01
   6.3796244e-02   3.1126977e+01
   6.4792010e-02   3.1126933e+01
   6.5787776e-02   3.1126897e+01
   6.6783542e-02   3.1126868e+01
   6.7779309e-02   3.1126843e+01
   6.8775075e-02   3.1126823e+01
   6.9770841e-02   3.1126807e+01
   7.0766607e-02   3.1126793e+01
   7.1762373e-02   3.1126782e+01
   7.3336801e-02   3.1126768e+01
   7.4911229e-02   3.1126758e+01
   7.6485656e-02   3.1126750e+01
   7.8060084e-02   3.1126745e+01
   7.9634512e-02   3.1126741e+01
   8.1208939e-02   3.1126738e+01
   8.2783367e-02   3.1126735e+01
   8.4357795e-02   3.1126734e+01
   8.5932222e-02   3.1126733e+01
   8.7506650e-02   3.1126732e+01
   9.0069784e-02   3.1126731e+01
   9.2632917e-02   3.1126730e+01
   9.5196051e-02   3.1126730e+01
   9.7759185e-02   3.1126730e+01
   1.0032232e-01   3.1126729e+01
   1.0288545e-01   3.1126729e+01
   1.0885800e-01   3.1126729e+01
   1.1315186e-01   3.1126729e+01
   1.1744573e-01   3.1126729e+01
   1.2173959e-01   3.1126729e+01
   1.2603345e-01   3.1126729e+01
   1.3032732e-01   3.1126729e+01
   1.3462118e-01   3.1126729e+01
   1.3891504e-01   3.1126729e+01
   1.4559515e-01   3.1126729e+01
   1.5227526e-01   3.1126729e+01
   1.5895537e-01   3.1126729e+01
   1.6563547e-01   3.1126729e+01
   1.7612788e-01   3.1126729e+01
   1.8662028e-01   3.1126729e+01
   1.9711269e-01   3.1126729e+01
   2.0760510e-01   3.1126729e+01
   2.1809750e-01   3.1126729e+01
   2.3876712e-01   3.1126729e+01
   2.5943673e-01   3.1126729e+01
   2.8010635e-01   3.1126729e+01
   3.0077597e-01   3.1126729e+01
   3.2144558e-01   3.1126729e+01
   3.4211520e-01   3.1126729e+01
   3.8946527e-01   3.1126729e+01
   4.7444398e-01   3.1126729e+01
   5.5942269e-01   3.1126729e+01
   6.4440140e-01   3.1126729e+01
   7.2938011e-01   3.1126729e+01
   9.8713727e-01   3.1126729e+01
   1.2448944e+00   3.1126729e+01
   1.5026516e+00   3.1126729e+01
   1.9414213e+00   3.1126729e+01
   2.0000000e+00   3.1126729e+01
