   0.0000000e+00   1.0000000e+03
   5.0000000e-05   8.6693654e+02
   1.0000000e-04   7.6514431e+02
   1.5000000e-04   6.8476209e+02
   2.0000000e-04   6.1968090e+02
   2.5000000e-04   5.6591367e+02
   3.0000000e-04   5.2074790e+02
   3.5000000e-04   4.8227427e+02
   4.0000000e-04   4.4910941e+02
   4.5000000e-04   4.2022683e+02
   5.0000000e-04   3.9484837e+02
   5.5000000e-04   3.7237392e+02
   6.0000000e-04   3.5233283e+02
   6.5000000e-04   3.3435100e+02
   7.0000000e-04   3.1812733e+02
   7.5000000e-04   3.0341664e+02
   8.0000000e-04   2.9001731e+02
   8.5000000e-04   2.7776201e+02
   9.0000000e-04   2.6651075e+02
   9.5000000e-04   2.5614547e+02
   1.0000000e-03   2.4656592e+02
   1.0500000e-03   2.3768639e+02
   1.1000000e-03   2.2943326e+02
   1.1500000e-03   2.2174286e+02
   1.2000000e-03   2.1455983e+02
   1.2500000e-03   2.0783590e+02
   1.3000000e-03   2.0152869e+02
   1.3500000e-03   1.9560091e+02
   1.4000000e-03   1.9001953e+02
   1.4500000e-03   1.8475533e+02
   1.5000000e-03   1.7978228e+02
   1.5500000e-03   1.7507705e+02
   1.6000000e-03   1.7061879e+02
   1.6500000e-03   1.6638873e+02
   1.7000000e-03   1.6236999e+02
   1.7500000e-03   1.5854729e+02
   1.8000000e-03   1.5490679e+02
   1.8500000e-03   1.5143593e+02
   1.9000000e-03   1.4812328e+02
   1.9500000e-03   1.4495840e+02
   2.0000000e-03   1.4193177e+02
   2.0500000e-03   1.3903464e+02
   2.1000000e-03   1.3625902e+02
   2.1500000e-03   1.3359754e+02
   2.2000000e-03   1.3104341e+02
   2.2500000e-03   1.2859039e+02
   2.3000000e-03   1.2623269e+02
   2.3500000e-03   1.2396497e+02
   2.4000000e-03   1.2178228e+02
   2.4500000e-03   1.1968002e+02
   2.5000000e-03   1.1765391e+02
   2.5500000e-03   1.1569999e+02
   2.6000000e-03   1.1381455e+02
   2.6500000e-03   1.1199413e+02
   2.7000000e-03   1.1023552e+02
   2.7500000e-03   1.0853570e+02
   2.8000000e-03   1.0689183e+02
   2.8500000e-03   1.0530128e+02
   2.9000000e-03   1.0376157e+02
   2.9500000e-03   1.0227037e+02
   3.0000000e-03   1.0082549e+02
   3.0500000e-03   9.9424858e+01
   3.1000000e-03   9.8066546e+01
   3.1500000e-03   9.6748725e+01
   3.2000000e-03   9.5469669e+01
   3.2500000e-03   9.4227751e+01
   3.3000000e-03   9.3021431e+01
   3.3500000e-03   9.1849254e+01
   3.4000000e-03   9.0709846e+01
   3.4500000e-03   8.9601902e+01
   3.5000000e-03   8.8524187e+01
   3.5500000e-03   8.7475529e+01
   3.6000000e-03   8.6454817e+01
   3.6500000e-03   8.5460994e+01
   3.7000000e-03   8.4493055e+01
   3.7500000e-03   8.3550046e+01
   3.8000000e-03   8.2631061e+01
   3.8500000e-03   8.1735235e+01
   3.9000000e-03   8.0861743e+01
   3.9500000e-03   8.0009799e+01
   4.0000000e-03   7.9178654e+01
   4.0500000e-03   7.8367595e+01
   4.1000000e-03   7.7575939e+01
   4.1500000e-03   7.6803033e+01
   4.2000000e-03   7.6048254e+01
   4.2500000e-03   7.5311007e+01
   4.3000000e-03   7.4590721e+01
   4.3500000e-03   7.3886850e+01
   4.4000000e-03   7.3198872e+01
   4.4500000e-03   7.2526285e+01
   4.5000000e-03   7.1868610e+01
   4.5500000e-03   7.1225386e+01
   4.6000000e-03   7.0596172e+01
   4.6500000e-03   6.9980542e+01
   4.7000000e-03   6.9378091e+01
   4.7500000e-03   6.8788426e+01
   4.8000000e-03   6.8211173e+01
   4.8500000e-03   6.7645968e+01
   4.9000000e-03   6.7092467e+01
   4.9500000e-03   6.6550332e+01
   5.0000000e-03   6.6019244e+01
   5.0500000e-03   6.5498891e+01
   5.1000000e-03   6.4988975e+01
   5.1500000e-03   6.4489210e+01
   5.2000000e-03   6.3999317e+01
   5.2500000e-03   6.3519029e+01
   5.3000000e-03   6.3048089e+01
   5.3500000e-03   6.2586248e+01
   5.4000000e-03   6.2133266e+01
   5.4500000e-03   6.1688911e+01
   5.5000000e-03   6.1252959e+01
   5.5500000e-03   6.0825194e+01
   5.6000000e-03   6.0405408e+01
   5.6500000e-03   5.9993398e+01
   5.7000000e-03   5.9588969e+01
   5.7500000e-03   5.9191933e+01
   5.8000000e-03   5.8802107e+01
   5.8500000e-03   5.8419313e+01
   5.9000000e-03   5.8043381e+01
   5.9500000e-03   5.7674146e+01
   6.0000000e-03   5.7311446e+01
   6.0500000e-03   5.6955128e+01
   6.1000000e-03   5.6605039e+01
   6.1500000e-03   5.6261034e+01
   6.2000000e-03   5.5922972e+01
   6.2500000e-03   5.5590715e+01
   6.3000000e-03   5.5264131e+01
   6.3500000e-03   5.4943091e+01
   6.4000000e-03   5.4627469e+01
   6.4500000e-03   5.4317143e+01
   6.5000000e-03   5.4011997e+01
   6.5500000e-03   5.3711914e+01
   6.6000000e-03   5.3416785e+01
   6.6500000e-03   5.3126500e+01
   6.7000000e-03   5.2840956e+01
   6.7500000e-03   5.2560050e+01
   6.8000000e-03   5.2283682e+01
   6.8500000e-03   5.2011757e+01
   6.9000000e-03   5.1744180e+01
   6.9500000e-03   5.1480861e+01
   7.0000000e-03   5.1221711e+01
   7.0500000e-03   5.0966643e+01
   7.1000000e-03   5.0715574e+01
   7.1500000e-03   5.0468421e+01
   7.2000000e-03   5.0225106e+01
   7.2500000e-03   4.9985550e+01
   7.3000000e-03   4.9749679e+01
   7.3500000e-03   4.9517418e+01
   7.4000000e-03   4.9288697e+01
   7.4500000e-03   4.9063446e+01
   7.5000000e-03   4.8841595e+01
   7.5500000e-03   4.8623081e+01
   7.6000000e-03   4.8407836e+01
   7.6500000e-03   4.8195800e+01
   7.7000000e-03   4.7986910e+01
   7.7500000e-03   4.7781106e+01
   7.8000000e-03   4.7578330e+01
   7.8500000e-03   4.7378525e+01
   7.9000000e-03   4.7181636e+01
   7.9500000e-03   4.6987608e+01
   8.0000000e-03   4.6796388e+01
   8.0500000e-03   4.6607925e+01
   8.1000000e-03   4.6422167e+01
   8.1500000e-03   4.6239066e+01
   8.2000000e-03   4.6058574e+01
   8.2500000e-03   4.5880643e+01
   8.3000000e-03   4.5705228e+01
   8.3500000e-03   4.5532284e+01
   8.4000000e-03   4.5361767e+01
   8.4500000e-03   4.5193633e+01
   8.5000000e-03   4.5027842e+01
   8.5500000e-03   4.4864351e+01
   8.6000000e-03   4.4703122e+01
   8.6500000e-03   4.4544115e+01
   8.7000000e-03   4.4387292e+01
   8.7500000e-03   4.4232615e+01
   8.8000000e-03   4.4080048e+01
   8.8500000e-03   4.3929554e+01
   8.9000000e-03   4.3781100e+01
   8.9500000e-03   4.3634649e+01
   9.0000000e-03   4.3490170e+01
   9.0500000e-03   4.3347629e+01
   9.1000000e-03   4.3206993e+01
   9.1500000e-03   4.3068233e+01
   9.2000000e-03   4.2931315e+01
   9.2500000e-03   4.2796212e+01
   9.3000000e-03   4.2662892e+01
   9.3500000e-03   4.2531327e+01
   9.4000000e-03   4.2401489e+01
   9.4500000e-03   4.2273350e+01
   9.5000000e-03   4.2146882e+01
   9.5500000e-03   4.2022059e+01
   9.6000000e-03   4.1898856e+01
   9.6500000e-03   4.1777245e+01
   9.7000000e-03   4.1657203e+01
   9.7500000e-03   4.1538704e+01
   9.8000000e-03   4.1421725e+01
   9.8500000e-03   4.1306242e+01
   9.9000000e-03   4.1192231e+01
   9.9500000e-03   4.1079671e+01
   1.0000000e-02   4.0968538e+01
   1.0050000e-02   4.0858811e+01
   1.0100000e-02   4.0750468e+01
   1.0150000e-02   4.0643489e+01
   1.0200000e-02   4.0537853e+01
   1.0250000e-02   4.0433539e+01
   1.0300000e-02   4.0330528e+01
   1.0350000e-02   4.0228800e+01
   1.0400000e-02   4.0128336e+01
   1.0450000e-02   4.0029117e+01
   1.0500000e-02   3.9931125e+01
   1.0550000e-02   3.9834342e+01
   1.0600000e-02   3.9738750e+01
   1.0650000e-02   3.9644332e+01
   1.0700000e-02   3.9551070e+01
   1.0750000e-02   3.9458948e+01
   1.0800000e-02   3.9367949e+01
   1.0850000e-02   3.9278058e+01
   1.0900000e-02   3.9189257e+01
   1.0950000e-02   3.9101531e+01
   1.1000000e-02   3.9014866e+01
   1.1050000e-02   3.8929246e+01
   1.1100000e-02   3.8844656e+01
   1.1150000e-02   3.8761081e+01
   1.1200000e-02   3.8678508e+01
   1.1250000e-02   3.8596922e+01
   1.1300000e-02   3.8516309e+01
   1.1350000e-02   3.8436656e+01
   1.1400000e-02   3.8357950e+01
   1.1450000e-02   3.8280177e+01
   1.1500000e-02   3.8203325e+01
   1.1550000e-02   3.8127380e+01
   1.1600000e-02   3.8052330e+01
   1.1650000e-02   3.7978164e+01
   1.1700000e-02   3.7904868e+01
   1.1750000e-02   3.7832432e+01
   1.1800000e-02   3.7760843e+01
   1.1850000e-02   3.7690090e+01
   1.1900000e-02   3.7620162e+01
   1.1950000e-02   3.7551047e+01
   1.2000000e-02   3.7482735e+01
   1.2050000e-02   3.7415215e+01
   1.2100000e-02   3.7348476e+01
   1.2150000e-02   3.7282509e+01
   1.2200000e-02   3.7217302e+01
   1.2250000e-02   3.7152845e+01
   1.2300000e-02   3.7089130e+01
   1.2350000e-02   3.7026146e+01
   1.2400000e-02   3.6963883e+01
   1.2450000e-02   3.6902332e+01
   1.2500000e-02   3.6841484e+01
   1.2550000e-02   3.6781329e+01
   1.2600000e-02   3.6721859e+01
   1.2650000e-02   3.6663064e+01
   1.2700000e-02   3.6604937e+01
   1.2750000e-02   3.6547468e+01
   1.2800000e-02   3.6490649e+01
   1.2850000e-02   3.6434471e+01
   1.2900000e-02   3.6378927e+01
   1.2950000e-02   3.6324008e+01
   1.3000000e-02   3.6269707e+01
   1.3050000e-02   3.6216015e+01
   1.3100000e-02   3.6162925e+01
   1.3150000e-02   3.6110429e+01
   1.3200000e-02   3.6058520e+01
   1.3250000e-02   3.6007190e+01
   1.3300000e-02   3.5956432e+01
   1.3350000e-02   3.5906240e+01
   1.3400000e-02   3.5856605e+01
   1.3450000e-02   3.5807521e+01
   1.3500000e-02   3.5758981e+01
   1.3550000e-02   3.5710978e+01
   1.3600000e-02   3.5663506e+01
   1.3650000e-02   3.5616558e+01
   1.3700000e-02   3.5570128e+01
   1.3750000e-02   3.5524209e+01
   1.3800000e-02   3.5478795e+01
   1.3850000e-02   3.5433881e+01
   1.3900000e-02   3.5389458e+01
   1.3950000e-02   3.5345523e+01
   1.4000000e-02   3.5302068e+01
   1.4050000e-02   3.5259089e+01
   1.4100000e-02   3.5216578e+01
   1.4150000e-02   3.5174532e+01
   1.4200000e-02   3.5132943e+01
   1.4250000e-02   3.5091807e+01
   1.4300000e-02   3.5051118e+01
   1.4350000e-02   3.5010870e+01
   1.4400000e-02   3.4971059e+01
   1.4450000e-02   3.4931679e+01
   1.4500000e-02   3.4892725e+01
   1.4550000e-02   3.4854192e+01
   1.4600000e-02   3.4816075e+01
   1.4650000e-02   3.4778369e+01
   1.4700000e-02   3.4741069e+01
   1.4750000e-02   3.4704171e+01
   1.4800000e-02   3.4667669e+01
   1.4850000e-02   3.4631559e+01
   1.4900000e-02   3.4595837e+01
   1.4950000e-02   3.4560497e+01
   1.5000000e-02   3.4525536e+01
   1.5050000e-02   3.4490948e+01
   1.5100000e-02   3.4456730e+01
   1.5150000e-02   3.4422878e+01
   1.5200000e-02   3.4389386e+01
   1.5250000e-02   3.4356252e+01
   1.5300000e-02   3.4323470e+01
   1.5350000e-02   3.4291036e+01
   1.5400000e-02   3.4258947e+01
   1.5450000e-02   3.4227199e+01
   1.5500000e-02   3.4195787e+01
   1.5550000e-02   3.4164709e+01
   1.5600000e-02   3.4133959e+01
   1.5650000e-02   3.4103534e+01
   1.5700000e-02   3.4073431e+01
   1.5750000e-02   3.4043646e+01
   1.5800000e-02   3.4014175e+01
   1.5850000e-02   3.3985014e+01
   1.5900000e-02   3.3956161e+01
   1.5950000e-02   3.3927611e+01
   1.6000000e-02   3.3899361e+01
   1.6050000e-02   3.3871409e+01
   1.6100000e-02   3.3843749e+01
   1.6150000e-02   3.3816380e+01
   1.6200000e-02   3.3789297e+01
   1.6250000e-02   3.3762498e+01
   1.6300000e-02   3.3735980e+01
   1.6350000e-02   3.3709739e+01
   1.6400000e-02   3.3683772e+01
   1.6450000e-02   3.3658076e+01
   1.6500000e-02   3.3632648e+01
   1.6550000e-02   3.3607485e+01
   1.6600000e-02   3.3582584e+01
   1.6650000e-02   3.3557943e+01
   1.6700000e-02   3.3533557e+01
   1.6750000e-02   3.3509425e+01
   1.6800000e-02   3.3485544e+01
   1.6850000e-02   3.3461911e+01
   1.6900000e-02   3.3438523e+01
   1.6950000e-02   3.3415377e+01
   1.7000000e-02   3.3392471e+01
   1.7050000e-02   3.3369802e+01
   1.7100000e-02   3.3347368e+01
   1.7150000e-02   3.3325165e+01
   1.7200000e-02   3.3303192e+01
   1.7250000e-02   3.3281446e+01
   1.7300000e-02   3.3259924e+01
   1.7350000e-02   3.3238624e+01
   1.7400000e-02   3.3217543e+01
   1.7450000e-02   3.3196680e+01
   1.7500000e-02   3.3176031e+01
   1.7550000e-02   3.3155595e+01
   1.7600000e-02   3.3135368e+01
   1.7650000e-02   3.3115350e+01
   1.7700000e-02   3.3095537e+01
   1.7750000e-02   3.3075927e+01
   1.7800000e-02   3.3056519e+01
   1.7850000e-02   3.3037309e+01
   1.7900000e-02   3.3018296e+01
   1.7950000e-02   3.2999478e+01
   1.8000000e-02   3.2980852e+01
   1.8050000e-02   3.2962417e+01
   1.8100000e-02   3.2944170e+01
   1.8150000e-02   3.2926110e+01
   1.8200000e-02   3.2908234e+01
   1.8250000e-02   3.2890540e+01
   1.8300000e-02   3.2873027e+01
   1.8350000e-02   3.2855692e+01
   1.8400000e-02   3.2838534e+01
   1.8450000e-02   3.2821551e+01
   1.8500000e-02   3.2804740e+01
   1.8550000e-02   3.2788101e+01
   1.8600000e-02   3.2771630e+01
   1.8650000e-02   3.2755327e+01
   1.8700000e-02   3.2739190e+01
   1.8750000e-02   3.2723216e+01
   1.8800000e-02   3.2707405e+01
   1.8850000e-02   3.2691754e+01
   1.8900000e-02   3.2676262e+01
   1.8950000e-02   3.2660926e+01
   1.9000000e-02   3.2645746e+01
   1.9050000e-02   3.2630720e+01
   1.9100000e-02   3.2615845e+01
   1.9150000e-02   3.2601122e+01
   1.9200000e-02   3.2586547e+01
   1.9250000e-02   3.2572119e+01
   1.9300000e-02   3.2557837e+01
   1.9350000e-02   3.2543699e+01
   1.9400000e-02   3.2529704e+01
   1.9450000e-02   3.2515850e+01
   1.9500000e-02   3.2502136e+01
   1.9550000e-02   3.2488560e+01
   1.9600000e-02   3.2475121e+01
   1.9650000e-02   3.2461818e+01
   1.9700000e-02   3.2448648e+01
   1.9750000e-02   3.2435610e+01
   1.9800000e-02   3.2422704e+01
   1.9850000e-02   3.2409928e+01
   1.9900000e-02   3.2397280e+01
   1.9950000e-02   3.2384759e+01
   2.0000000e-02   3.2372364e+01
   2.0050000e-02   3.2360094e+01
   2.0100000e-02   3.2347946e+01
   2.0150000e-02   3.2335921e+01
   2.0200000e-02   3.2324016e+01
   2.0250000e-02   3.2312231e+01
   2.0300000e-02   3.2300563e+01
   2.0350000e-02   3.2289013e+01
   2.0400000e-02   3.2277578e+01
   2.0450000e-02   3.2266258e+01
   2.0500000e-02   3.2255051e+01
   2.0550000e-02   3.2243956e+01
   2.0600000e-02   3.2232972e+01
   2.0650000e-02   3.2222098e+01
   2.0700000e-02   3.2211332e+01
   2.0750000e-02   3.2200674e+01
   2.0800000e-02   3.2190123e+01
   2.0850000e-02   3.2179677e+01
   2.0900000e-02   3.2169335e+01
   2.0950000e-02   3.2159097e+01
   2.1000000e-02   3.2148960e+01
   2.1050000e-02   3.2138925e+01
   2.1100000e-02   3.2128990e+01
   2.1150000e-02   3.2119154e+01
   2.1200000e-02   3.2109415e+01
   2.1250000e-02   3.2099774e+01
   2.1300000e-02   3.2090229e+01
   2.1350000e-02   3.2080779e+01
   2.1400000e-02   3.2071423e+01
   2.1450000e-02   3.2062160e+01
   2.1500000e-02   3.2052989e+01
   2.1550000e-02   3.2043909e+01
   2.1600000e-02   3.2034920e+01
   2.1650000e-02   3.2026020e+01
   2.1700000e-02   3.2017208e+01
   2.1750000e-02   3.2008484e+01
   2.1800000e-02   3.1999846e+01
   2.1850000e-02   3.1991295e+01
   2.1900000e-02   3.1982828e+01
   2.1950000e-02   3.1974445e+01
   2.2000000e-02   3.1966145e+01
   2.2050000e-02   3.1957928e+01
   2.2100000e-02   3.1949792e+01
   2.2150000e-02   3.1941737e+01
   2.2200000e-02   3.1933761e+01
   2.2250000e-02   3.1925865e+01
   2.2300000e-02   3.1918047e+01
   2.2350000e-02   3.1910306e+01
   2.2400000e-02   3.1902642e+01
   2.2450000e-02   3.1895054e+01
   2.2500000e-02   3.1887540e+01
   2.2550000e-02   3.1880102e+01
   2.2600000e-02   3.1872736e+01
   2.2650000e-02   3.1865444e+01
   2.2700000e-02   3.1858224e+01
   2.2750000e-02   3.1851075e+01
   2.2800000e-02   3.1843996e+01
   2.2850000e-02   3.1836988e+01
   2.2900000e-02   3.1830049e+01
   2.2950000e-02   3.1823178e+01
   2.3000000e-02   3.1816375e+01
   2.3050000e-02   3.1809640e+01
   2.3100000e-02   3.1802971e+01
   2.3150000e-02   3.1796367e+01
   2.3200000e-02   3.1789829e+01
   2.3250000e-02   3.1783356e+01
   2.3300000e-02   3.1776946e+01
   2.3350000e-02   3.1770599e+01
   2.3400000e-02   3.1764315e+01
   2.3450000e-02   3.1758093e+01
   2.3500000e-02   3.1751932e+01
   2.3550000e-02   3.1745832e+01
   2.3600000e-02   3.1739792e+01
   2.3650000e-02   3.1733812e+01
   2.3700000e-02   3.1727890e+01
   2.3750000e-02   3.1722027e+01
   2.3800000e-02   3.1716221e+01
   2.3850000e-02   3.1710473e+01
   2.3900000e-02   3.1704781e+01
   2.3950000e-02   3.1699145e+01
   2.4000000e-02   3.1693564e+01
   2.4050000e-02   3.1688039e+01
   2.4100000e-02   3.1682567e+01
   2.4150000e-02   3.1677150e+01
   2.4200000e-02   3.1671786e+01
   2.4250000e-02   3.1666474e+01
   2.4300000e-02   3.1661215e+01
   2.4350000e-02   3.1656007e+01
   2.4400000e-02   3.1650851e+01
   2.4450000e-02   3.1645745e+01
   2.4500000e-02   3.1640689e+01
   2.4550000e-02   3.1635683e+01
   2.4600000e-02   3.1630726e+01
   2.4650000e-02   3.1625818e+01
   2.4700000e-02   3.1620958e+01
   2.4750000e-02   3.1616145e+01
   2.4800000e-02   3.1611380e+01
   2.4850000e-02   3.1606662e+01
   2.4900000e-02   3.1601990e+01
   2.4950000e-02   3.1597363e+01
   2.5000000e-02   3.1592782e+01
   2.5050000e-02   3.1588246e+01
   2.5100000e-02   3.1583755e+01
   2.5150000e-02   3.1579307e+01
   2.5200000e-02   3.1574903e+01
   2.5250000e-02   3.1570542e+01
   2.5300000e-02   3.1566224e+01
   2.5350000e-02   3.1561948e+01
   2.5400000e-02   3.1557714e+01
   2.5450000e-02   3.1553522e+01
   2.5500000e-02   3.1549371e+01
   2.5550000e-02   3.1545260e+01
   2.5600000e-02   3.1541189e+01
   2.5650000e-02   3.1537159e+01
   2.5700000e-02   3.1533167e+01
   2.5750000e-02   3.1529215e+01
   2.5800000e-02   3.1525302e+01
   2.5850000e-02   3.1521427e+01
   2.5900000e-02   3.1517589e+01
   2.5950000e-02   3.1513790e+01
   2.6000000e-02   3.1510027e+01
   2.6050000e-02   3.1506301e+01
   2.6100000e-02   3.1502612e+01
   2.6150000e-02   3.1498958e+01
   2.6200000e-02   3.1495341e+01
   2.6250000e-02   3.1491758e+01
   2.6300000e-02   3.1488211e+01
   2.6350000e-02   3.1484699e+01
   2.6400000e-02   3.1481220e+01
   2.6450000e-02   3.1477776e+01
   2.6500000e-02   3.1474366e+01
   2.6550000e-02   3.1470988e+01
   2.6600000e-02   3.1467644e+01
   2.6650000e-02   3.1464332e+01
   2.6700000e-02   3.1461053e+01
   2.6750000e-02   3.1457806e+01
   2.6800000e-02   3.1454590e+01
   2.6850000e-02   3.1451406e+01
   2.6900000e-02   3.1448253e+01
   2.6950000e-02   3.1445131e+01
   2.7000000e-02   3.1442039e+01
   2.7050000e-02   3.1438977e+01
   2.7100000e-02   3.1435945e+01
   2.7150000e-02   3.1432943e+01
   2.7200000e-02   3.1429970e+01
   2.7250000e-02   3.1427026e+01
   2.7300000e-02   3.1424111e+01
   2.7350000e-02   3.1421224e+01
   2.7400000e-02   3.1418365e+01
   2.7450000e-02   3.1415535e+01
   2.7500000e-02   3.1412731e+01
   2.7550000e-02   3.1409956e+01
   2.7600000e-02   3.1407207e+01
   2.7650000e-02   3.1404485e+01
   2.7700000e-02   3.1401789e+01
   2.7750000e-02   3.1399120e+01
   2.7800000e-02   3.1396477e+01
   2.7850000e-02   3.1393860e+01
   2.7900000e-02   3.1391268e+01
   2.7950000e-02   3.1388701e+01
   2.8000000e-02   3.1386159e+01
   2.8050000e-02   3.1383642e+01
   2.8100000e-02   3.1381150e+01
   2.8150000e-02   3.1378682e+01
   2.8200000e-02   3.1376238e+01
   2.8250000e-02   3.1373818e+01
   2.8300000e-02   3.1371421e+01
   2.8350000e-02   3.1369047e+01
   2.8400000e-02   3.1366697e+01
   2.8450000e-02   3.1364370e+01
   2.8500000e-02   3.1362065e+01
   2.8550000e-02   3.1359783e+01
   2.8600000e-02   3.1357523e+01
   2.8650000e-02   3.1355285e+01
   2.8700000e-02   3.1353068e+01
   2.8750000e-02   3.1350874e+01
   2.8800000e-02   3.1348700e+01
   2.8850000e-02   3.1346548e+01
   2.8900000e-02   3.1344417e+01
   2.8950000e-02   3.1342306e+01
   2.9000000e-02   3.1340216e+01
   2.9050000e-02   3.1338146e+01
   2.9100000e-02   3.1336097e+01
   2.9150000e-02   3.1334067e+01
   2.9200000e-02   3.1332057e+01
   2.9250000e-02   3.1330067e+01
   2.9300000e-02   3.1328096e+01
   2.9350000e-02   3.1326144e+01
   2.9400000e-02   3.1324211e+01
   2.9450000e-02   3.1322297e+01
   2.9500000e-02   3.1320402e+01
   2.9550000e-02   3.1318525e+01
   2.9600000e-02   3.1316666e+01
   2.9650000e-02   3.1314825e+01
   2.9700000e-02   3.1313002e+01
   2.9750000e-02   3.1311197e+01
   2.9800000e-02   3.1309410e+01
   2.9850000e-02   3.1307640e+01
   2.9900000e-02   3.1305887e+01
   2.9950000e-02   3.1304151e+01
   3.0000000e-02   3.1302432e+01
   3.0050000e-02   3.1300729e+01
   3.0100000e-02   3.1299043e+01
   3.0150000e-02   3.1297374e+01
   3.0200000e-02   3.1295721e+01
   3.0250000e-02   3.1294084e+01
   3.0300000e-02   3.1292462e+01
   3.0350000e-02   3.1290857e+01
   3.0400000e-02   3.1289267e+01
   3.0450000e-02   3.1287692e+01
   3.0500000e-02   3.1286133e+01
   3.0550000e-02   3.1284589e+01
   3.0600000e-02   3.1283060e+01
   3.0650000e-02   3.1281546e+01
   3.0700000e-02   3.1280046e+01
   3.0750000e-02   3.1278561e+01
   3.0800000e-02   3.1277090e+01
   3.0850000e-02   3.1275634e+01
   3.0900000e-02   3.1274192e+01
   3.0950000e-02   3.1272764e+01
   3.1000000e-02   3.1271350e+01
   3.1050000e-02   3.1269949e+01
   3.1100000e-02   3.1268562e+01
   3.1150000e-02   3.1267189e+01
   3.1200000e-02   3.1265829e+01
   3.1250000e-02   3.1264481e+01
   3.1300000e-02   3.1263148e+01
   3.1350000e-02   3.1261827e+01
   3.1400000e-02   3.1260519e+01
   3.1450000e-02   3.1259223e+01
   3.1500000e-02   3.1257940e+01
   3.1550000e-02   3.1256670e+01
   3.1600000e-02   3.1255412e+01
   3.1650000e-02   3.1254166e+01
   3.1700000e-02   3.1252932e+01
   3.1750000e-02   3.1251710e+01
   3.1800000e-02   3.1250500e+01
   3.1850000e-02   3.1249302e+01
   3.1900000e-02   3.1248116e+01
   3.1950000e-02   3.1246941e+01
   3.2000000e-02   3.1245777e+01
   3.2050000e-02   3.1244624e+01
   3.2100000e-02   3.1243483e+01
   3.2150000e-02   3.1242353e+01
   3.2200000e-02   3.1241233e+01
   3.2250000e-02   3.1240125e+01
   3.2300000e-02   3.1239027e+01
   3.2350000e-02   3.1237940e+01
   3.2400000e-02   3.1236864e+01
   3.2450000e-02   3.1235798e+01
   3.2500000e-02   3.1234742e+01
   3.2550000e-02   3.1233697e+01
   3.2600000e-02   3.1232662e+01
   3.2650000e-02   3.1231637e+01
   3.2700000e-02   3.1230621e+01
   3.2750000e-02   3.1229616e+01
   3.2800000e-02   3.1228620e+01
   3.2850000e-02   3.1227634e+01
   3.2900000e-02   3.1226657e+01
   3.2950000e-02   3.1225690e+01
   3.3000000e-02   3.1224732e+01
   3.3050000e-02   3.1223784e+01
   3.3100000e-02   3.1222845e+01
   3.3150000e-02   3.1221915e+01
   3.3200000e-02   3.1220994e+01
   3.3250000e-02   3.1220082e+01
   3.3300000e-02   3.1219178e+01
   3.3350000e-02   3.1218284e+01
   3.3400000e-02   3.1217398e+01
   3.3450000e-02   3.1216520e+01
   3.3500000e-02   3.1215652e+01
   3.3550000e-02   3.1214791e+01
   3.3600000e-02   3.1213939e+01
   3.3650000e-02   3.1213095e+01
   3.3700000e-02   3.1212259e+01
   3.3750000e-02   3.1211432e+01
   3.3800000e-02   3.1210613e+01
   3.3850000e-02   3.1209801e+01
   3.3900000e-02   3.1208997e+01
   3.3950000e-02   3.1208202e+01
   3.4000000e-02   3.1207413e+01
   3.4050000e-02   3.1206633e+01
   3.4100000e-02   3.1205859e+01
   3.4150000e-02   3.1205094e+01
   3.4200000e-02   3.1204336e+01
   3.4250000e-02   3.1203585e+01
   3.4300000e-02   3.1202842e+01
   3.4350000e-02   3.1202105e+01
   3.4400000e-02   3.1201376e+01
   3.4450000e-02   3.1200654e+01
   3.4500000e-02   3.1199939e+01
   3.4550000e-02   3.1199231e+01
   3.4600000e-02   3.1198529e+01
   3.4650000e-02   3.1197835e+01
   3.4700000e-02   3.1197147e+01
   3.4750000e-02   3.1196466e+01
   3.4800000e-02   3.1195791e+01
   3.4850000e-02   3.1195123e+01
   3.4900000e-02   3.1194462e+01
   3.4950000e-02   3.1193807e+01
   3.5000000e-02   3.1193158e+01
   3.5050000e-02   3.1192515e+01
   3.5100000e-02   3.1191879e+01
   3.5150000e-02   3.1191249e+01
   3.5200000e-02   3.1190625e+01
   3.5250000e-02   3.1190007e+01
   3.5300000e-02   3.1189395e+01
   3.5350000e-02   3.1188789e+01
   3.5400000e-02   3.1188188e+01
   3.5450000e-02   3.1187594e+01
   3.5500000e-02   3.1187005e+01
   3.5550000e-02   3.1186422e+01
   3.5600000e-02   3.1185845e+01
   3.5650000e-02   3.1185273e+01
   3.5700000e-02   3.1184707e+01
   3.5750000e-02   3.1184146e+01
   3.5800000e-02   3.1183591e+01
   3.5850000e-02   3.1183041e+01
   3.5900000e-02   3.1182497e+01
   3.5950000e-02   3.1181957e+01
   3.6000000e-02   3.1181423e+01
   3.6050000e-02   3.1180894e+01
   3.6100000e-02   3.1180370e+01
   3.6150000e-02   3.1179852e+01
   3.6200000e-02   3.1179338e+01
   3.6250000e-02   3.1178829e+01
   3.6300000e-02   3.1178325e+01
   3.6350000e-02   3.1177826e+01
   3.6400000e-02   3.1177332e+01
   3.6450000e-02   3.1176843e+01
   3.6500000e-02   3.1176358e+01
   3.6550000e-02   3.1175878e+01
   3.6600000e-02   3.1175403e+01
   3.6650000e-02   3.1174933e+01
   3.6700000e-02   3.1174467e+01
   3.6750000e-02   3.1174005e+01
   3.6800000e-02   3.1173548e+01
   3.6850000e-02   3.1173095e+01
   3.6900000e-02   3.1172647e+01
   3.6950000e-02   3.1172203e+01
   3.7000000e-02   3.1171763e+01
   3.7050000e-02   3.1171328e+01
   3.7100000e-02   3.1170896e+01
   3.7150000e-02   3.1170469e+01
   3.7200000e-02   3.1170046e+01
   3.7250000e-02   3.1169627e+01
   3.7300000e-02   3.1169213e+01
   3.7350000e-02   3.1168802e+01
   3.7400000e-02   3.1168395e+01
   3.7450000e-02   3.1167992e+01
   3.7500000e-02   3.1167593e+01
   3.7550000e-02   3.1167198e+01
   3.7600000e-02   3.1166807e+01
   3.7650000e-02   3.1166419e+01
   3.7700000e-02   3.1166036e+01
   3.7750000e-02   3.1165656e+01
   3.7800000e-02   3.1165279e+01
   3.7850000e-02   3.1164907e+01
   3.7900000e-02   3.1164538e+01
   3.7950000e-02   3.1164172e+01
   3.8000000e-02   3.1163810e+01
   3.8050000e-02   3.1163451e+01
   3.8100000e-02   3.1163096e+01
   3.8150000e-02   3.1162745e+01
   3.8200000e-02   3.1162397e+01
   3.8250000e-02   3.1162052e+01
   3.8300000e-02   3.1161710e+01
   3.8350000e-02   3.1161372e+01
   3.8400000e-02   3.1161037e+01
   3.8450000e-02   3.1160705e+01
   3.8500000e-02   3.1160377e+01
   3.8550000e-02   3.1160052e+01
   3.8600000e-02   3.1159730e+01
   3.8650000e-02   3.1159411e+01
   3.8700000e-02   3.1159095e+01
   3.8750000e-02   3.1158782e+01
   3.8800000e-02   3.1158472e+01
   3.8850000e-02   3.1158165e+01
   3.8900000e-02   3.1157861e+01
   3.8950000e-02   3.1157560e+01
   3.9000000e-02   3.1157262e+01
   3.9050000e-02   3.1156967e+01
   3.9100000e-02   3.1156675e+01
   3.9150000e-02   3.1156385e+01
   3.9200000e-02   3.1156098e+01
   3.9250000e-02   3.1155815e+01
   3.9300000e-02   3.1155533e+01
   3.9350000e-02   3.1155255e+01
   3.9400000e-02   3.1154979e+01
   3.9450000e-02   3.1154706e+01
   3.9500000e-02   3.1154436e+01
   3.9550000e-02   3.1154168e+01
   3.9600000e-02   3.1153903e+01
   3.9650000e-02   3.1153640e+01
   3.9700000e-02   3.1153380e+01
   3.9750000e-02   3.1153122e+01
   3.9800000e-02   3.1152867e+01
   3.9850000e-02   3.1152614e+01
   3.9900000e-02   3.1152364e+01
   3.9950000e-02   3.1152117e+01
   4.0000000e-02   3.1151871e+01
   4.0050000e-02   3.1151628e+01
   4.0100000e-02   3.1151387e+01
   4.0150000e-02   3.1151149e+01
   4.0200000e-02   3.1150913e+01
   4.0250000e-02   3.1150679e+01
   4.0300000e-02   3.1150448e+01
   4.0350000e-02   3.1150218e+01
   4.0400000e-02   3.1149991e+01
   4.0450000e-02   3.1149766e+01
   4.0500000e-02   3.1149544e+01
   4.0550000e-02   3.1149323e+01
   4.0600000e-02   3.1149105e+01
   4.0650000e-02   3.1148889e+01
   4.0700000e-02   3.1148674e+01
   4.0750000e-02   3.1148462e+01
   4.0800000e-02   3.1148252e+01
   4.0850000e-02   3.1148044e+01
   4.0900000e-02   3.1147838e+01
   4.0950000e-02   3.1147634e+01
   4.1000000e-02   3.1147432e+01
   4.1050000e-02   3.1147232e+01
   4.1100000e-02   3.1147034e+01
   4.1150000e-02   3.1146838e+01
   4.1200000e-02   3.1146643e+01
   4.1250000e-02   3.1146451e+01
   4.1300000e-02   3.1146260e+01
   4.1350000e-02   3.1146071e+01
   4.1400000e-02   3.1145884e+01
   4.1450000e-02   3.1145699e+01
   4.1500000e-02   3.1145516e+01
   4.1550000e-02   3.1145334e+01
   4.1600000e-02   3.1145155e+01
   4.1650000e-02   3.1144976e+01
   4.1700000e-02   3.1144800e+01
   4.1750000e-02   3.1144625e+01
   4.1800000e-02   3.1144452e+01
   4.1850000e-02   3.1144281e+01
   4.1900000e-02   3.1144112e+01
   4.1950000e-02   3.1143943e+01
   4.2000000e-02   3.1143777e+01
   4.2050000e-02   3.1143612e+01
   4.2100000e-02   3.1143449e+01
   4.2150000e-02   3.1143288e+01
   4.2200000e-02   3.1143128e+01
   4.2250000e-02   3.1142969e+01
   4.2300000e-02   3.1142812e+01
   4.2350000e-02   3.1142657e+01
   4.2400000e-02   3.1142503e+01
   4.2450000e-02   3.1142350e+01
   4.2500000e-02   3.1142199e+01
   4.2550000e-02   3.1142050e+01
   4.2600000e-02   3.1141902e+01
   4.2650000e-02   3.1141755e+01
   4.2700000e-02   3.1141610e+01
   4.2750000e-02   3.1141466e+01
   4.2800000e-02   3.1141324e+01
   4.2850000e-02   3.1141183e+01
   4.2900000e-02   3.1141043e+01
   4.2950000e-02   3.1140905e+01
   4.3000000e-02   3.1140768e+01
   4.3050000e-02   3.1140632e+01
   4.3100000e-02   3.1140497e+01
   4.3150000e-02   3.1140365e+01
   4.3200000e-02   3.1140233e+01
   4.3250000e-02   3.1140102e+01
   4.3300000e-02   3.1139973e+01
   4.3350000e-02   3.1139845e+01
   4.3400000e-02   3.1139718e+01
   4.3450000e-02   3.1139593e+01
   4.3500000e-02   3.1139468e+01
   4.3550000e-02   3.1139345e+01
   4.3600000e-02   3.1139223e+01
   4.3650000e-02   3.1139102e+01
   4.3700000e-02   3.1138983e+01
   4.3750000e-02   3.1138865e+01
   4.3800000e-02   3.1138747e+01
   4.3850000e-02   3.1138631e+01
   4.3900000e-02   3.1138516e+01
   4.3950000e-02   3.1138402e+01
   4.4000000e-02   3.1138289e+01
   4.4050000e-02   3.1138178e+01
   4.4100000e-02   3.1138067e+01
   4.4150000e-02   3.1137957e+01
   4.4200000e-02   3.1137849e+01
   4.4250000e-02   3.1137742e+01
   4.4300000e-02   3.1137635e+01
   4.4350000e-02   3.1137530e+01
   4.4400000e-02   3.1137425e+01
   4.4450000e-02   3.1137322e+01
   4.4500000e-02   3.1137220e+01
   4.4550000e-02   3.1137118e+01
   4.4600000e-02   3.1137018e+01
   4.4650000e-02   3.1136918e+01
   4.4700000e-02   3.1136820e+01
   4.4750000e-02   3.1136722e+01
   4.4800000e-02   3.1136626e+01
   4.4850000e-02   3.1136530e+01
   4.4900000e-02   3.1136435e+01
   4.4950000e-02   3.1136342e+01
   4.5000000e-02   3.1136249e+01
   4.5050000e-02   3.1136157e+01
   4.5100000e-02   3.1136066e+01
   4.5150000e-02   3.1135975e+01
   4.5200000e-02   3.1135886e+01
   4.5250000e-02   3.1135797e+01
   4.5300000e-02   3.1135710e+01
   4.5350000e-02   3.1135623e+01
   4.5400000e-02   3.1135537e+01
   4.5450000e-02   3.1135452e+01
   4.5500000e-02   3.1135368e+01
   4.5550000e-02   3.1135284e+01
   4.5600000e-02   3.1135202e+01
   4.5650000e-02   3.1135120e+01
   4.5700000e-02   3.1135039e+01
   4.5750000e-02   3.1134958e+01
   4.5800000e-02   3.1134879e+01
   4.5850000e-02   3.1134800e+01
   4.5900000e-02   3.1134722e+01
   4.5950000e-02   3.1134645e+01
   4.6000000e-02   3.1134568e+01
   4.6050000e-02   3.1134493e+01
   4.6100000e-02   3.1134418e+01
   4.6150000e-02   3.1134343e+01
   4.6200000e-02   3.1134270e+01
   4.6250000e-02   3.1134197e+01
   4.6300000e-02   3.1134125e+01
   4.6350000e-02   3.1134053e+01
   4.6400000e-02   3.1133982e+01
   4.6450000e-02   3.1133912e+01
   4.6500000e-02   3.1133843e+01
   4.6550000e-02   3.1133774e+01
   4.6600000e-02   3.1133706e+01
   4.6650000e-02   3.1133639e+01
   4.6700000e-02   3.1133572e+01
   4.6750000e-02   3.1133506e+01
   4.6800000e-02   3.1133440e+01
   4.6850000e-02   3.1133375e+01
   4.6900000e-02   3.1133311e+01
   4.6950000e-02   3.1133248e+01
   4.7000000e-02   3.1133185e+01
   4.7050000e-02   3.1133122e+01
   4.7100000e-02   3.1133060e+01
   4.7150000e-02   3.1132999e+01
   4.7200000e-02   3.1132939e+01
   4.7250000e-02   3.1132879e+01
   4.7300000e-02   3.1132819e+01
   4.7350000e-02   3.1132760e+01
   4.7400000e-02   3.1132702e+01
   4.7450000e-02   3.1132644e+01
   4.7500000e-02   3.1132587e+01
   4.7550000e-02   3.1132531e+01
   4.7600000e-02   3.1132475e+01
   4.7650000e-02   3.1132419e+01
   4.7700000e-02   3.1132364e+01
   4.7750000e-02   3.1132310e+01
   4.7800000e-02   3.1132256e+01
   4.7850000e-02   3.1132202e+01
   4.7900000e-02   3.1132149e+01
   4.7950000e-02   3.1132097e+01
   4.8000000e-02   3.1132045e+01
   4.8050000e-02   3.1131994e+01
   4.8100000e-02   3.1131943e+01
   4.8150000e-02   3.1131893e+01
   4.8200000e-02   3.1131843e+01
   4.8250000e-02   3.1131793e+01
   4.8300000e-02   3.1131744e+01
   4.8350000e-02   3.1131696e+01
   4.8400000e-02   3.1131648e+01
   4.8450000e-02   3.1131600e+01
   4.8500000e-02   3.1131553e+01
   4.8550000e-02   3.1131507e+01
   4.8600000e-02   3.1131460e+01
   4.8650000e-02   3.1131415e+01
   4.8700000e-02   3.1131370e+01
   4.8750000e-02   3.1131325e+01
   4.8800000e-02   3.1131280e+01
   4.8850000e-02   3.1131236e+01
   4.8900000e-02   3.1131193e+01
   4.8950000e-02   3.1131150e+01
   4.9000000e-02   3.1131107e+01
   4.9050000e-02   3.1131065e+01
   4.9100000e-02   3.1131023e+01
   4.9150000e-02   3.1130981e+01
   4.9200000e-02   3.1130940e+01
   4.9250000e-02   3.1130899e+01
   4.9300000e-02   3.1130859e+01
   4.9350000e-02   3.1130819e+01
   4.9400000e-02   3.1130780e+01
   4.9450000e-02   3.1130741e+01
   4.9500000e-02   3.1130702e+01
   4.9550000e-02   3.1130663e+01
   4.9600000e-02   3.1130625e+01
   4.9650000e-02   3.1130588e+01
   4.9700000e-02   3.1130550e+01
   4.9750000e-02   3.1130513e+01
   4.9800000e-02   3.1130477e+01
   4.9850000e-02   3.1130441e+01
   4.9900000e-02   3.1130405e+01
   4.9950000e-02   3.1130369e+01
   5.0000000e-02   3.1130334e+01
   5.0050000e-02   3.1130299e+01
   5.0100000e-02   3.1130265e+01
   5.0150000e-02   3.1130231e+01
   5.0200000e-02   3.1130197e+01
   5.0250000e-02   3.1130163e+01
   5.0300000e-02   3.1130130e+01
   5.0350000e-02   3.1130097e+01
   5.0400000e-02   3.1130065e+01
   5.0450000e-02   3.1130032e+01
   5.0500000e-02   3.1130001e+01
   5.0550000e-02   3.1129969e+01
   5.0600000e-02   3.1129938e+01
   5.0650000e-02   3.1129907e+01
   5.0700000e-02   3.1129876e+01
   5.0750000e-02   3.1129846e+01
   5.0800000e-02   3.1129815e+01
   5.0850000e-02   3.1129786e+01
   5.0900000e-02   3.1129756e+01
   5.0950000e-02   3.1129727e+01
   5.1000000e-02   3.1129698e+01
   5.1050000e-02   3.1129669e+01
   5.1100000e-02   3.1129641e+01
   5.1150000e-02   3.1129613e+01
   5.1200000e-02   3.1129585e+01
   5.1250000e-02   3.1129557e+01
   5.1300000e-02   3.1129530e+01
   5.1350000e-02   3.1129503e+01
   5.1400000e-02   3.1129476e+01
   5.1450000e-02   3.1129449e+01
   5.1500000e-02   3.1129423e+01
   5.1550000e-02   3.1129397e+01
   5.1600000e-02   3.1129371e+01
   5.1650000e-02   3.1129346e+01
   5.1700000e-02   3.1129320e+01
   5.1750000e-02   3.1129296e+01
   5.1800000e-02   3.1129271e+01
   5.1850000e-02   3.1129246e+01
   5.1900000e-02   3.1129222e+01
   5.1950000e-02   3.1129198e+01
   5.2000000e-02   3.1129174e+01
   5.2050000e-02   3.1129150e+01
   5.2100000e-02   3.1129127e+01
   5.2150000e-02   3.1129104e+01
   5.2200000e-02   3.1129081e+01
   5.2250000e-02   3.1129058e+01
   5.2300000e-02   3.1129036e+01
   5.2350000e-02   3.1129013e+01
   5.2400000e-02   3.1128991e+01
   5.2450000e-02   3.1128969e+01
   5.2500000e-02   3.1128948e+01
   5.2550000e-02   3.1128926e+01
   5.2600000e-02   3.1128905e+01
   5.2650000e-02   3.1128884e+01
   5.2700000e-02   3.1128863e+01
   5.2750000e-02   3.1128843e+01
   5.2800000e-02   3.1128822e+01
   5.2850000e-02   3.1128802e+01
   5.2900000e-02   3.1128782e+01
   5.2950000e-02   3.1128762e+01
   5.3000000e-02   3.1128742e+01
   5.3050000e-02   3.1128723e+01
   5.3100000e-02   3.1128704e+01
   5.3150000e-02   3.1128685e+01
   5.3200000e-02   3.1128666e+01
   5.3250000e-02   3.1128647e+01
   5.3300000e-02   3.1128629e+01
   5.3350000e-02   3.1128610e+01
   5.3400000e-02   3.1128592e+01
   5.3450000e-02   3.1128574e+01
   5.3500000e-02   3.1128556e+01
   5.3550000e-02   3.1128539e+01
   5.3600000e-02   3.1128521e+01
   5.3650000e-02   3.1128504e+01
   5.3700000e-02   3.1128487e+01
   5.3750000e-02   3.1128470e+01
   5.3800000e-02   3.1128453e+01
   5.3850000e-02   3.1128436e+01
   5.3900000e-02   3.1128420e+01
   5.3950000e-02   3.1128403e+01
   5.4000000e-02   3.1128387e+01
   5.4050000e-02   3.1128371e+01
   5.4100000e-02   3.1128355e+01
   5.4150000e-02   3.1128339e+01
   5.4200000e-02   3.1128324e+01
   5.4250000e-02   3.1128308e+01
   5.4300000e-02   3.1128293e+01
   5.4350000e-02   3.1128278e+01
   5.4400000e-02   3.1128263e+01
   5.4450000e-02   3.1128248e+01
   5.4500000e-02   3.1128234e+01
   5.4550000e-02   3.1128219e+01
   5.4600000e-02   3.1128205e+01
   5.4650000e-02   3.1128190e+01
   5.4700000e-02   3.1128176e+01
   5.4750000e-02   3.1128162e+01
   5.4800000e-02   3.1128149e+01
   5.4850000e-02   3.1128135e+01
   5.4900000e-02   3.1128121e+01
   5.4950000e-02   3.1128108e+01
   5.5000000e-02   3.1128094e+01
   5.5050000e-02   3.1128081e+01
   5.5100000e-02   3.1128068e+01
   5.5150000e-02   3.1128055e+01
   5.5200000e-02   3.1128042e+01
   5.5250000e-02   3.1128030e+01
   5.5300000e-02   3.1128017e+01
   5.5350000e-02   3.1128005e+01
   5.5400000e-02   3.1127992e+01
   5.5450000e-02   3.1127980e+01
   5.5500000e-02   3.1127968e+01
   5.5550000e-02   3.1127956e+01
   5.5600000e-02   3.1127944e+01
   5.5650000e-02   3.1127933e+01
   5.5700000e-02   3.1127921e+01
   5.5750000e-02   3.1127909e+01
   5.5800000e-02   3.1127898e+01
   5.5850000e-02   3.1127887e+01
   5.5900000e-02   3.1127875e+01
   5.5950000e-02   3.1127865e+01
   5.6000000e-02   3.1127854e+01
   5.6050000e-02   3.1127843e+01
   5.6100000e-02   3.1127832e+01
   5.6150000e-02   3.1127821e+01
   5.6200000e-02   3.1127811e+01
   5.6250000e-02   3.1127800e+01
   5.6300000e-02   3.1127790e+01
   5.6350000e-02   3.1127780e+01
   5.6400000e-02   3.1127769e+01
   5.6450000e-02   3.1127759e+01
   5.6500000e-02   3.1127750e+01
   5.6550000e-02   3.1127740e+01
   5.6600000e-02   3.1127730e+01
   5.6650000e-02   3.1127720e+01
   5.6700000e-02   3.1127711e+01
   5.6750000e-02   3.1127701e+01
   5.6800000e-02   3.1127692e+01
   5.6850000e-02   3.1127682e+01
   5.6900000e-02   3.1127673e+01
   5.6950000e-02   3.1127664e+01
   5.7000000e-02   3.1127655e+01
   5.7050000e-02   3.1127646e+01
   5.7100000e-02   3.1127637e+01
   5.7150000e-02   3.1127629e+01
   5.7200000e-02   3.1127620e+01
   5.7250000e-02   3.1127611e+01
   5.7300000e-02   3.1127603e+01
   5.7350000e-02   3.1127594e+01
   5.7400000e-02   3.1127586e+01
   5.7450000e-02   3.1127578e+01
   5.7500000e-02   3.1127569e+01
   5.7550000e-02   3.1127561e+01
   5.7600000e-02   3.1127553e+01
   5.7650000e-02   3.1127545e+01
   5.7700000e-02   3.1127537e+01
   5.7750000e-02   3.1127530e+01
   5.7800000e-02   3.1127522e+01
   5.7850000e-02   3.1127514e+01
   5.7900000e-02   3.1127507e+01
   5.7950000e-02   3.1127499e+01
   5.8000000e-02   3.1127492e+01
   5.8050000e-02   3.1127484e+01
   5.8100000e-02   3.1127477e+01
   5.8150000e-02   3.1127470e+01
   5.8200000e-02   3.1127463e+01
   5.8250000e-02   3.1127455e+01
   5.8300000e-02   3.1127448e+01
   5.8350000e-02   3.1127441e+01
   5.8400000e-02   3.1127435e+01
   5.8450000e-02   3.1127428e+01
   5.8500000e-02   3.1127421e+01
   5.8550000e-02   3.1127414e+01
   5.8600000e-02   3.1127408e+01
   5.8650000e-02   3.1127401e+01
   5.8700000e-02   3.1127395e+01
   5.8750000e-02   3.1127388e+01
   5.8800000e-02   3.1127382e+01
   5.8850000e-02   3.1127376e+01
   5.8900000e-02   3.1127369e+01
   5.8950000e-02   3.1127363e+01
   5.9000000e-02   3.1127357e+01
   5.9050000e-02   3.1127351e+01
   5.9100000e-02   3.1127345e+01
   5.9150000e-02   3.1127339e+01
   5.9200000e-02   3.1127333e+01
   5.9250000e-02   3.1127327e+01
   5.9300000e-02   3.1127322e+01
   5.9350000e-02   3.1127316e+01
   5.9400000e-02   3.1127310e+01
   5.9450000e-02   3.1127305e+01
   5.9500000e-02   3.1127299e+01
   5.9550000e-02   3.1127294e+01
   5.9600000e-02   3.1127288e+01
   5.9650000e-02   3.1127283e+01
   5.9700000e-02   3.1127277e+01
   5.9750000e-02   3.1127272e+01
   5.9800000e-02   3.1127267e+01
   5.9850000e-02   3.1127261e+01
   5.9900000e-02   3.1127256e+01
   5.9950000e-02   3.1127251e+01
   6.0000000e-02   3.1127246e+01
   6.0050000e-02   3.1127241e+01
   6.0100000e-02   3.1127236e+01
   6.0150000e-02   3.1127231e+01
   6.0200000e-02   3.1127226e+01
   6.0250000e-02   3.1127222e+01
   6.0300000e-02   3.1127217e+01
   6.0350000e-02   3.1127212e+01
   6.0400000e-02   3.1127208e+01
   6.0450000e-02   3.1127203e+01
   6.0500000e-02   3.1127198e+01
   6.0550000e-02   3.1127194e+01
   6.0600000e-02   3.1127189e+01
   6.0650000e-02   3.1127185e+01
   6.0700000e-02   3.1127181e+01
   6.0750000e-02   3.1127176e+01
   6.0800000e-02   3.1127172e+01
   6.0850000e-02   3.1127168e+01
   6.0900000e-02   3.1127163e+01
   6.0950000e-02   3.1127159e+01
   6.1000000e-02   3.1127155e+01
   6.1050000e-02   3.1127151e+01
   6.1100000e-02   3.1127147e+01
   6.1150000e-02   3.1127143e+01
   6.1200000e-02   3.1127139e+01
   6.1250000e-02   3.1127135e+01
   6.1300000e-02   3.1127131e+01
   6.1350000e-02   3.1127127e+01
   6.1400000e-02   3.1127123e+01
   6.1450000e-02   3.1127119e+01
   6.1500000e-02   3.1127116e+01
   6.1550000e-02   3.1127112e+01
   6.1600000e-02   3.1127108e+01
   6.1650000e-02   3.1127105e+01
   6.1700000e-02   3.1127101e+01
   6.1750000e-02   3.1127097e+01
   6.1800000e-02   3.1127094e+01
   6.1850000e-02   3.1127090e+01
   6.1900000e-02   3.1127087e+01
   6.1950000e-02   3.1127083e+01
   6.2000000e-02   3.1127080e+01
   6.2050000e-02   3.1127077e+01
   6.2100000e-02   3.1127073e+01
   6.2150000e-02   3.1127070e+01
   6.2200000e-02   3.1127067e+01
   6.2250000e-02   3.1127063e+01
   6.2300000e-02   3.1127060e+01
   6.2350000e-02   3.1127057e+01
   6.2400000e-02   3.1127054e+01
   6.2450000e-02   3.1127050e+01
   6.2500000e-02   3.1127047e+01
   6.2550000e-02   3.1127044e+01
   6.2600000e-02   3.1127041e+01
   6.2650000e-02   3.1127038e+01
   6.2700000e-02   3.1127035e+01
   6.2750000e-02   3.1127032e+01
   6.2800000e-02   3.1127029e+01
   6.2850000e-02   3.1127026e+01
   6.2900000e-02   3.1127024e+01
   6.2950000e-02   3.1127021e+01
   6.3000000e-02   3.1127018e+01
   6.3050000e-02   3.1127015e+01
   6.3100000e-02   3.1127012e+01
   6.3150000e-02   3.1127010e+01
   6.3200000e-02   3.1127007e+01
   6.3250000e-02   3.1127004e+01
   6.3300000e-02   3.1127002e+01
   6.3350000e-02   3.1126999e+01
   6.3400000e-02   3.1126996e+01
   6.3450000e-02   3.1126994e+01
   6.3500000e-02   3.1126991e+01
   6.3550000e-02   3.1126989e+01
   6.3600000e-02   3.1126986e+01
   6.3650000e-02   3.1126984e+01
   6.3700000e-02   3.1126981e+01
   6.3750000e-02   3.1126979e+01
   6.3800000e-02   3.1126976e+01
   6.3850000e-02   3.1126974e+01
   6.3900000e-02   3.1126972e+01
   6.3950000e-02   3.1126969e+01
   6.4000000e-02   3.1126967e+01
   6.4050000e-02   3.1126965e+01
   6.4100000e-02   3.1126962e+01
   6.4150000e-02   3.1126960e+01
   6.4200000e-02   3.1126958e+01
   6.4250000e-02   3.1126956e+01
   6.4300000e-02   3.1126953e+01
   6.4350000e-02   3.1126951e+01
   6.4400000e-02   3.1126949e+01
   6.4450000e-02   3.1126947e+01
   6.4500000e-02   3.1126945e+01
   6.4550000e-02   3.1126943e+01
   6.4600000e-02   3.1126941e+01
   6.4650000e-02   3.1126939e+01
   6.4700000e-02   3.1126937e+01
   6.4750000e-02   3.1126935e+01
   6.4800000e-02   3.1126933e+01
   6.4850000e-02   3.1126931e+01
   6.4900000e-02   3.1126929e+01
   6.4950000e-02   3.1126927e+01
   6.5000000e-02   3.1126925e+01
   6.5050000e-02   3.1126923e+01
   6.5100000e-02   3.1126921e+01
   6.5150000e-02   3.1126919e+01
   6.5200000e-02   3.1126918e+01
   6.5250000e-02   3.1126916e+01
   6.5300000e-02   3.1126914e+01
   6.5350000e-02   3.1126912e+01
   6.5400000e-02   3.1126910e+01
   6.5450000e-02   3.1126909e+01
   6.5500000e-02   3.1126907e+01
   6.5550000e-02   3.1126905e+01
   6.5600000e-02   3.1126904e+01
   6.5650000e-02   3.1126902e+01
   6.5700000e-02   3.1126900e+01
   6.5750000e-02   3.1126898e+01
   6.5800000e-02   3.1126897e+01
   6.5850000e-02   3.1126895e+01
   6.5900000e-02   3.1126894e+01
   6.5950000e-02   3.1126892e+01
   6.6000000e-02   3.1126890e+01
   6.6050000e-02   3.1126889e+01
   6.6100000e-02   3.1126887e+01
   6.6150000e-02   3.1126886e+01
   6.6200000e-02   3.1126884e+01
   6.6250000e-02   3.1126883e+01
   6.6300000e-02   3.1126881e+01
   6.6350000e-02   3.1126880e+01
   6.6400000e-02   3.1126878e+01
   6.6450000e-02   3.1126877e+01
   6.6500000e-02   3.1126876e+01
   6.6550000e-02   3.1126874e+01
   6.6600000e-02   3.1126873e+01
   6.6650000e-02   3.1126871e+01
   6.6700000e-02   3.1126870e+01
   6.6750000e-02   3.1126869e+01
   6.6800000e-02   3.1126867e+01
   6.6850000e-02   3.1126866e+01
   6.6900000e-02   3.1126865e+01
   6.6950000e-02   3.1126863e+01
   6.7000000e-02   3.1126862e+01
   6.7050000e-02   3.1126861e+01
   6.7100000e-02   3.1126859e+01
   6.7150000e-02   3.1126858e+01
   6.7200000e-02   3.1126857e+01
   6.7250000e-02   3.1126856e+01
   6.7300000e-02   3.1126855e+01
   6.7350000e-02   3.1126853e+01
   6.7400000e-02   3.1126852e+01
   6.7450000e-02   3.1126851e+01
   6.7500000e-02   3.1126850e+01
   6.7550000e-02   3.1126849e+01
   6.7600000e-02   3.1126847e+01
   6.7650000e-02   3.1126846e+01
   6.7700000e-02   3.1126845e+01
   6.7750000e-02   3.1126844e+01
   6.7800000e-02   3.1126843e+01
   6.7850000e-02   3.1126842e+01
   6.7900000e-02   3.1126841e+01
   6.7950000e-02   3.1126840e+01
   6.8000000e-02   3.1126839e+01
   6.8050000e-02   3.1126838e+01
   6.8100000e-02   3.1126836e+01
   6.8150000e-02   3.1126835e+01
   6.8200000e-02   3.1126834e+01
   6.8250000e-02   3.1126833e+01
   6.8300000e-02   3.1126832e+01
   6.8350000e-02   3.1126831e+01
   6.8400000e-02   3.1126830e+01
   6.8450000e-02   3.1126829e+01
   6.8500000e-02   3.1126828e+01
   6.8550000e-02   3.1126828e+01
   6.8600000e-02   3.1126826e+01
   6.8650000e-02   3.1126826e+01
   6.8700000e-02   3.1126825e+01
   6.8750000e-02   3.1126824e+01
   6.8800000e-02   3.1126823e+01
   6.8850000e-02   3.1126822e+01
   6.8900000e-02   3.1126821e+01
   6.8950000e-02   3.1126820e+01
   6.9000000e-02   3.1126819e+01
   6.9050000e-02   3.1126818e+01
   6.9100000e-02   3.1126818e+01
   6.9150000e-02   3.1126817e+01
   6.9200000e-02   3.1126816e+01
   6.9250000e-02   3.1126815e+01
   6.9300000e-02   3.1126814e+01
   6.9350000e-02   3.1126813e+01
   6.9400000e-02   3.1126812e+01
   6.9450000e-02   3.1126812e+01
   6.9500000e-02   3.1126811e+01
   6.9550000e-02   3.1126810e+01
   6.9600000e-02   3.1126809e+01
   6.9650000e-02   3.1126809e+01
   6.9700000e-02   3.1126808e+01
   6.9750000e-02   3.1126807e+01
   6.9800000e-02   3.1126806e+01
   6.9850000e-02   3.1126806e+01
   6.9900000e-02   3.1126805e+01
   6.9950000e-02   3.1126804e+01
   7.0000000e-02   3.1126803e+01
   7.0050000e-02   3.1126803e+01
   7.0100000e-02   3.1126802e+01
   7.0150000e-02   3.1126801e+01
   7.0200000e-02   3.1126801e+01
   7.0250000e-02   3.1126800e+01
   7.0300000e-02   3.1126799e+01
   7.0350000e-02   3.1126798e+01
   7.0400000e-02   3.1126798e+01
   7.0450000e-02   3.1126797e+01
   7.0500000e-02   3.1126797e+01
   7.0550000e-02   3.1126796e+01
   7.0600000e-02   3.1126795e+01
   7.0650000e-02   3.1126795e+01
   7.0700000e-02   3.1126794e+01
   7.0750000e-02   3.1126793e+01
   7.0800000e-02   3.1126793e+01
   7.0850000e-02   3.1126792e+01
   7.0900000e-02   3.1126791e+01
   7.0950000e-02   3.1126791e+01
   7.1000000e-02   3.1126790e+01
   7.1050000e-02   3.1126790e+01
   7.1100000e-02   3.1126789e+01
   7.1150000e-02   3.1126788e+01
   7.1200000e-02   3.1126788e+01
   7.1250000e-02   3.1126787e+01
   7.1300000e-02   3.1126787e+01
   7.1350000e-02   3.1126786e+01
   7.1400000e-02   3.1126786e+01
   7.1450000e-02   3.1126785e+01
   7.1500000e-02   3.1126785e+01
   7.1550000e-02   3.1126784e+01
   7.1600000e-02   3.1126784e+01
   7.1650000e-02   3.1126783e+01
   7.1700000e-02   3.1126783e+01
   7.1750000e-02   3.1126782e+01
   7.1800000e-02   3.1126781e+01
   7.1850000e-02   3.1126781e+01
   7.1900000e-02   3.1126780e+01
   7.1950000e-02   3.1126780e+01
   7.2000000e-02   3.1126780e+01
   7.2050000e-02   3.1126779e+01
   7.2100000e-02   3.1126779e+01
   7.2150000e-02   3.1126778e+01
   7.2200000e-02   3.1126778e+01
   7.2250000e-02   3.1126777e+01
   7.2300000e-02   3.1126777e+01
   7.2350000e-02   3.1126776e+01
   7.2400000e-02   3.1126776e+01
   7.2450000e-02   3.1126775e+01
   7.2500000e-02   3.1126775e+01
   7.2550000e-02   3.1126774e+01
   7.2600000e-02   3.1126774e+01
   7.2650000e-02   3.1126773e+01
   7.2700000e-02   3.1126773e+01
   7.2750000e-02   3.1126773e+01
   7.2800000e-02   3.1126772e+01
   7.2850000e-02   3.1126772e+01
   7.2900000e-02   3.1126771e+01
   7.2950000e-02   3.1126771e+01
   7.3000000e-02   3.1126771e+01
   7.3050000e-02   3.1126770e+01
   7.3100000e-02   3.1126770e+01
   7.3150000e-02   3.1126769e+01
   7.3200000e-02   3.1126769e+01
   7.3250000e-02   3.1126769e+01
   7.3300000e-02   3.1126768e+01
   7.3350000e-02   3.1126768e+01
   7.3400000e-02   3.1126767e+01
   7.3450000e-02   3.1126767e+01
   7.3500000e-02   3.1126767e+01
   7.3550000e-02   3.1126766e+01
   7.3600000e-02   3.1126766e+01
   7.3650000e-02   3.1126766e+01
   7.3700000e-02   3.1126765e+01
   7.3750000e-02   3.1126765e+01
   7.3800000e-02   3.1126765e+01
   7.3850000e-02   3.1126764e+01
   7.3900000e-02   3.1126764e+01
   7.3950000e-02   3.1126764e+01
   7.4000000e-02   3.1126763e+01
   7.4050000e-02   3.1126763e+01
   7.4100000e-02   3.1126763e+01
   7.4150000e-02   3.1126762e+01
   7.4200000e-02   3.1126762e+01
   7.4250000e-02   3.1126762e+01
   7.4300000e-02   3.1126761e+01
   7.4350000e-02   3.1126761e+01
   7.4400000e-02   3.1126761e+01
   7.4450000e-02   3.1126760e+01
   7.4500000e-02   3.1126760e+01
   7.4550000e-02   3.1126760e+01
   7.4600000e-02   3.1126760e+01
   7.4650000e-02   3.1126759e+01
   7.4700000e-02   3.1126759e+01
   7.4750000e-02   3.1126759e+01
   7.4800000e-02   3.1126758e+01
   7.4850000e-02   3.1126758e+01
   7.4900000e-02   3.1126758e+01
   7.4950000e-02   3.1126758e+01
   7.5000000e-02   3.1126757e+01
   7.5050000e-02   3.1126757e+01
   7.5100000e-02   3.1126757e+01
   7.5150000e-02   3.1126756e+01
   7.5200000e-02   3.1126756e+01
   7.5250000e-02   3.1126756e+01
   7.5300000e-02   3.1126756e+01
   7.5350000e-02   3.1126755e+01
   7.5400000e-02   3.1126755e+01
   7.5450000e-02   3.1126755e+01
   7.5500000e-02   3.1126755e+01
   7.5550000e-02   3.1126754e+01
   7.5600000e-02   3.1126754e+01
   7.5650000e-02   3.1126754e+01
   7.5700000e-02   3.1126754e+01
   7.5750000e-02   3.1126753e+01
   7.5800000e-02   3.1126753e+01
   7.5850000e-02   3.1126753e+01
   7.5900000e-02   3.1126753e+01
   7.5950000e-02   3.1126753e+01
   7.6000000e-02   3.1126752e+01
   7.6050000e-02   3.1126752e+01
   7.6100000e-02   3.1126752e+01
   7.6150000e-02   3.1126752e+01
   7.6200000e-02   3.1126752e+01
   7.6250000e-02   3.1126751e+01
   7.6300000e-02   3.1126751e+01
   7.6350000e-02   3.1126751e+01
   7.6400000e-02   3.1126751e+01
   7.6450000e-02   3.1126750e+01
   7.6500000e-02   3.1126750e+01
   7.6550000e-02   3.1126750e+01
   7.6600000e-02   3.1126750e+01
   7.6650000e-02   3.1126750e+01
   7.6700000e-02   3.1126749e+01
   7.6750000e-02   3.1126749e+01
   7.6800000e-02   3.1126749e+01
   7.6850000e-02   3.1126749e+01
   7.6900000e-02   3.1126749e+01
   7.6950000e-02   3.1126748e+01
   7.7000000e-02   3.1126748e+01
   7.7050000e-02   3.1126748e+01
   7.7100000e-02   3.1126748e+01
   7.7150000e-02   3.1126748e+01
   7.7200000e-02   3.1126748e+01
   7.7250000e-02   3.1126747e+01
   7.7300000e-02   3.1126747e+01
   7.7350000e-02   3.1126747e+01
   7.7400000e-02   3.1126747e+01
   7.7450000e-02   3.1126747e+01
   7.7500000e-02   3.1126746e+01
   7.7550000e-02   3.1126746e+01
   7.7600000e-02   3.1126746e+01
   7.7650000e-02   3.1126746e+01
   7.7700000e-02   3.1126746e+01
   7.7750000e-02   3.1126746e+01
   7.7800000e-02   3.1126745e+01
   7.7850000e-02   3.1126745e+01
   7.7900000e-02   3.1126745e+01
   7.7950000e-02   3.1126745e+01
   7.8000000e-02   3.1126745e+01
   7.8050000e-02   3.1126745e+01
   7.8100000e-02   3.1126745e+01
   7.8150000e-02   3.1126744e+01
   7.8200000e-02   3.1126744e+01
   7.8250000e-02   3.1126744e+01
   7.8300000e-02   3.1126744e+01
   7.8350000e-02   3.1126744e+01
   7.8400000e-02   3.1126744e+01
   7.8450000e-02   3.1126744e+01
   7.8500000e-02   3.1126743e+01
   7.8550000e-02   3.1126743e+01
   7.8600000e-02   3.1126743e+01
   7.8650000e-02   3.1126743e+01
   7.8700000e-02   3.1126743e+01
   7.8750000e-02   3.1126743e+01
   7.8800000e-02   3.1126743e+01
   7.8850000e-02   3.1126742e+01
   7.8900000e-02   3.1126742e+01
   7.8950000e-02   3.1126742e+01
   7.9000000e-02   3.1126742e+01
   7.9050000e-02   3.1126742e+01
   7.9100000e-02   3.1126742e+01
   7.9150000e-02   3.1126742e+01
   7.9200000e-02   3.1126742e+01
   7.9250000e-02   3.1126742e+01
   7.9300000e-02   3.1126741e+01
   7.9350000e-02   3.1126741e+01
   7.9400000e-02   3.1126741e+01
   7.9450000e-02   3.1126741e+01
   7.9500000e-02   3.1126741e+01
   7.9550000e-02   3.1126741e+01
   7.9600000e-02   3.1126741e+01
   7.9650000e-02   3.1126741e+01
   7.9700000e-02   3.1126741e+01
   7.9750000e-02   3.1126740e+01
   7.9800000e-02   3.1126740e+01
   7.9850000e-02   3.1126740e+01
   7.9900000e-02   3.1126740e+01
   7.9950000e-02   3.1126740e+01
   8.0000000e-02   3.1126740e+01
   8.0050000e-02   3.1126740e+01
   8.0100000e-02   3.1126740e+01
   8.0150000e-02   3.1126739e+01
   8.0200000e-02   3.1126739e+01
   8.0250000e-02   3.1126739e+01
   8.0300000e-02   3.1126739e+01
   8.0350000e-02   3.1126739e+01
   8.0400000e-02   3.1126739e+01
   8.0450000e-02   3.1126739e+01
   8.0500000e-02   3.1126739e+01
   8.0550000e-02   3.1126739e+01
   8.0600000e-02   3.1126739e+01
   8.0650000e-02   3.1126739e+01
   8.0700000e-02   3.1126738e+01
   8.0750000e-02   3.1126738e+01
   8.0800000e-02   3.1126738e+01
   8.0850000e-02   3.1126738e+01
   8.0900000e-02   3.1126738e+01
   8.0950000e-02   3.1126738e+01
   8.1000000e-02   3.1126738e+01
   8.1050000e-02   3.1126738e+01
   8.1100000e-02   3.1126738e+01
   8.1150000e-02   3.1126738e+01
   8.1200000e-02   3.1126738e+01
   8.1250000e-02   3.1126738e+01
   8.1300000e-02   3.1126738e+01
   8.1350000e-02   3.1126737e+01
   8.1400000e-02   3.1126737e+01
   8.1450000e-02   3.1126737e+01
   8.1500000e-02   3.1126737e+01
   8.1550000e-02   3.1126737e+01
   8.1600000e-02   3.1126737e+01
   8.1650000e-02   3.1126737e+01
   8.1700000e-02   3.1126737e+01
   8.1750000e-02   3.1126737e+01
   8.1800000e-02   3.1126737e+01
   8.1850000e-02   3.1126737e+01
   8.1900000e-02   3.1126737e+01
   8.1950000e-02   3.1126736e+01
   8.2000000e-02   3.1126736e+01
   8.2050000e-02   3.1126736e+01
   8.2100000e-02   3.1126736e+01
   8.2150000e-02   3.1126736e+01
   8.2200000e-02   3.1126736e+01
   8.2250000e-02   3.1126736e+01
   8.2300000e-02   3.1126736e+01
   8.2350000e-02   3.1126736e+01
   8.2400000e-02   3.1126736e+01
   8.2450000e-02   3.1126736e+01
   8.2500000e-02   3.1126736e+01
   8.2550000e-02   3.1126736e+01
   8.2600000e-02   3.1126736e+01
   8.2650000e-02   3.1126736e+01
   8.2700000e-02   3.1126735e+01
   8.2750000e-02   3.1126735e+01
   8.2800000e-02   3.1126735e+01
   8.2850000e-02   3.1126735e+01
   8.2900000e-02   3.1126735e+01
   8.2950000e-02   3.1126735e+01
   8.3000000e-02   3.1126735e+01
   8.3050000e-02   3.1126735e+01
   8.3100000e-02   3.1126735e+01
   8.3150000e-02   3.1126735e+01
   8.3200000e-02   3.1126735e+01
   8.3250000e-02   3.1126735e+01
   8.3300000e-02   3.1126735e+01
   8.3350000e-02   3.1126735e+01
   8.3400000e-02   3.1126735e+01
   8.3450000e-02   3.1126735e+01
   8.3500000e-02   3.1126735e+01
   8.3550000e-02   3.1126735e+01
   8.3600000e-02   3.1126735e+01
   8.3650000e-02   3.1126734e+01
   8.3700000e-02   3.1126734e+01
   8.3750000e-02   3.1126734e+01
   8.3800000e-02   3.1126734e+01
   8.3850000e-02   3.1126734e+01
   8.3900000e-02   3.1126734e+01
   8.3950000e-02   3.1126734e+01
   8.4000000e-02   3.1126734e+01
   8.4050000e-02   3.1126734e+01
   8.4100000e-02   3.1126734e+01
   8.4150000e-02   3.1126734e+01
   8.4200000e-02   3.1126734e+01
   8.4250000e-02   3.1126734e+01
   8.4300000e-02   3.1126734e+01
   8.4350000e-02   3.1126734e+01
   8.4400000e-02   3.1126734e+01
   8.4450000e-02   3.1126734e+01
   8.4500000e-02   3.1126734e+01
   8.4550000e-02   3.1126734e+01
   8.4600000e-02   3.1126734e+01
   8.4650000e-02   3.1126734e+01
   8.4700000e-02   3.1126734e+01
   8.4750000e-02   3.1126733e+01
   8.4800000e-02   3.1126733e+01
   8.4850000e-02   3.1126733e+01
   8.4900000e-02   3.1126733e+01
   8.4950000e-02   3.1126733e+01
   8.5000000e-02   3.1126733e+01
   8.5050000e-02   3.1126733e+01
   8.5100000e-02   3.1126733e+01
   8.5150000e-02   3.1126733e+01
   8.5200000e-02   3.1126733e+01
   8.5250000e-02   3.1126733e+01
   8.5300000e-02   3.1126733e+01
   8.5350000e-02   3.1126733e+01
   8.5400000e-02   3.1126733e+01
   8.5450000e-02   3.1126733e+01
   8.5500000e-02   3.1126733e+01
   8.5550000e-02   3.1126733e+01
   8.5600000e-02   3.1126733e+01
   8.5650000e-02   3.1126733e+01
   8.5700000e-02   3.1126733e+01
   8.5750000e-02   3.1126733e+01
   8.5800000e-02   3.1126733e+01
   8.5850000e-02   3.1126733e+01
   8.5900000e-02   3.1126733e+01
   8.5950000e-02   3.1126732e+01
   8.6000000e-02   3.1126732e+01
   8.6050000e-02   3.1126732e+01
   8.6100000e-02   3.1126732e+01
   8.6150000e-02   3.1126732e+01
   8.6200000e-02   3.1126732e+01
   8.6250000e-02   3.1126732e+01
   8.6300000e-02   3.1126732e+01
   8.6350000e-02   3.1126732e+01
   8.6400000e-02   3.1126732e+01
   8.6450000e-02   3.1126732e+01
   8.6500000e-02   3.1126732e+01
   8.6550000e-02   3.1126732e+01
   8.6600000e-02   3.1126732e+01
   8.6650000e-02   3.1126732e+01
   8.6700000e-02   3.1126732e+01
   8.6750000e-02   3.1126732e+01
   8.6800000e-02   3.1126732e+01
   8.6850000e-02   3.1126732e+01
   8.6900000e-02   3.1126732e+01
   8.6950000e-02   3.1126732e+01
   8.7000000e-02   3.1126732e+01
   8.7050000e-02   3.1126732e+01
   8.7100000e-02   3.1126732e+01
   8.7150000e-02   3.1126732e+01
   8.7200000e-02   3.1126732e+01
   8.7250000e-02   3.1126732e+01
   8.7300000e-02   3.1126732e+01
   8.7350000e-02   3.1126732e+01
   8.7400000e-02   3.1126732e+01
   8.7450000e-02   3.1126732e+01
   8.7500000e-02   3.1126732e+01
   8.7550000e-02   3.1126732e+01
   8.7600000e-02   3.1126732e+01
   8.7650000e-02   3.1126732e+01
   8.7700000e-02   3.1126732e+01
   8.7750000e-02   3.1126732e+01
   8.7800000e-02   3.1126732e+01
   8.7850000e-02   3.1126732e+01
   8.7900000e-02   3.1126732e+01
   8.7950000e-02   3.1126732e+01
   8.8000000e-02   3.1126732e+01
   8.8050000e-02   3.1126731e+01
   8.8100000e-02   3.1126731e+01
   8.8150000e-02   3.1126731e+01
   8.8200000e-02   3.1126731e+01
   8.8250000e-02   3.1126731e+01
   8.8300000e-02   3.1126731e+01
   8.8350000e-02   3.1126731e+01
   8.8400000e-02   3.1126731e+01
   8.8450000e-02   3.1126731e+01
   8.8500000e-02   3.1126731e+01
   8.8550000e-02   3.1126731e+01
   8.8600000e-02   3.1126731e+01
   8.8650000e-02   3.1126731e+01
   8.8700000e-02   3.1126731e+01
   8.8750000e-02   3.1126731e+01
   8.8800000e-02   3.1126731e+01
   8.8850000e-02   3.1126731e+01
   8.8900000e-02   3.1126731e+01
   8.8950000e-02   3.1126731e+01
   8.9000000e-02   3.1126731e+01
   8.9050000e-02   3.1126731e+01
   8.9100000e-02   3.1126731e+01
   8.9150000e-02   3.1126731e+01
   8.9200000e-02   3.1126731e+01
   8.9250000e-02   3.1126731e+01
   8.9300000e-02   3.1126731e+01
   8.9350000e-02   3.1126731e+01
   8.9400000e-02   3.1126731e+01
   8.9450000e-02   3.1126731e+01
   8.9500000e-02   3.1126731e+01
   8.9550000e-02   3.1126731e+01
   8.9600000e-02   3.1126731e+01
   8.9650000e-02   3.1126731e+01
   8.9700000e-02   3.1126731e+01
   8.9750000e-02   3.1126731e+01
   8.9800000e-02   3.1126731e+01
   8.9850000e-02   3.1126731e+01
   8.9900000e-02   3.1126731e+01
   8.9950000e-02   3.1126731e+01
   9.0000000e-02   3.1126731e+01
   9.0050000e-02   3.1126731e+01
   9.0100000e-02   3.1126731e+01
   9.0150000e-02   3.1126731e+01
   9.0200000e-02   3.1126731e+01
   9.0250000e-02   3.1126731e+01
   9.0300000e-02   3.1126731e+01
   9.0350000e-02   3.1126731e+01
   9.0400000e-02   3.1126731e+01
   9.0450000e-02   3.1126731e+01
   9.0500000e-02   3.1126731e+01
   9.0550000e-02   3.1126731e+01
   9.0600000e-02   3.1126731e+01
   9.0650000e-02   3.1126731e+01
   9.0700000e-02   3.1126731e+01
   9.0750000e-02   3.1126731e+01
   9.0800000e-02   3.1126731e+01
   9.0850000e-02   3.1126731e+01
   9.0900000e-02   3.1126731e+01
   9.0950000e-02   3.1126730e+01
   9.1000000e-02   3.1126730e+01
   9.1050000e-02   3.1126731e+01
   9.1100000e-02   3.1126731e+01
   9.1150000e-02   3.1126730e+01
   9.1200000e-02   3.1126730e+01
   9.1250000e-02   3.1126730e+01
   9.1300000e-02   3.1126730e+01
   9.1350000e-02   3.1126730e+01
   9.1400000e-02   3.1126730e+01
   9.1450000e-02   3.1126730e+01
   9.1500000e-02   3.1126730e+01
   9.1550000e-02   3.1126730e+01
   9.1600000e-02   3.1126730e+01
   9.1650000e-02   3.1126730e+01
   9.1700000e-02   3.1126730e+01
   9.1750000e-02   3.1126730e+01
   9.1800000e-02   3.1126730e+01
   9.1850000e-02   3.1126730e+01
   9.1900000e-02   3.1126730e+01
   9.1950000e-02   3.1126730e+01
   9.2000000e-02   3.1126730e+01
   9.2050000e-02   3.1126730e+01
   9.2100000e-02   3.1126730e+01
   9.2150000e-02   3.1126730e+01
   9.2200000e-02   3.1126730e+01
   9.2250000e-02   3.1126730e+01
   9.2300000e-02   3.1126730e+01
   9.2350000e-02   3.1126730e+01
   9.2400000e-02   3.1126730e+01
   9.2450000e-02   3.1126730e+01
   9.2500000e-02   3.1126730e+01
   9.2550000e-02   3.1126730e+01
   9.2600000e-02   3.1126730e+01
   9.2650000e-02   3.1126730e+01
   9.2700000e-02   3.1126730e+01
   9.2750000e-02   3.1126730e+01
   9.2800000e-02   3.1126730e+01
   9.2850000e-02   3.1126730e+01
   9.2900000e-02   3.1126730e+01
   9.2950000e-02   3.1126730e+01
   9.3000000e-02   3.1126730e+01
   9.3050000e-02   3.1126730e+01
   9.3100000e-02   3.1126730e+01
   9.3150000e-02   3.1126730e+01
   9.3200000e-02   3.1126730e+01
   9.3250000e-02   3.1126730e+01
   9.3300000e-02   3.1126730e+01
   9.3350000e-02   3.1126730e+01
   9.3400000e-02   3.1126730e+01
   9.3450000e-02   3.1126730e+01
   9.3500000e-02   3.1126730e+01
   9.3550000e-02   3.1126730e+01
   9.3600000e-02   3.1126730e+01
   9.3650000e-02   3.1126730e+01
   9.3700000e-02   3.1126730e+01
   9.3750000e-02   3.1126730e+01
   9.3800000e-02   3.1126730e+01
   9.3850000e-02   3.1126730e+01
   9.3900000e-02   3.1126730e+01
   9.3950000e-02   3.1126730e+01
   9.4000000e-02   3.1126730e+01
   9.4050000e-02   3.1126730e+01
   9.4100000e-02   3.1126730e+01
   9.4150000e-02   3.1126730e+01
   9.4200000e-02   3.1126730e+01
   9.4250000e-02   3.1126730e+01
   9.4300000e-02   3.1126730e+01
   9.4350000e-02   3.1126730e+01
   9.4400000e-02   3.1126730e+01
   9.4450000e-02   3.1126730e+01
   9.4500000e-02   3.1126730e+01
   9.4550000e-02   3.1126730e+01
   9.4600000e-02   3.1126730e+01
   9.4650000e-02   3.1126730e+01
   9.4700000e-02   3.1126730e+01
   9.4750000e-02   3.1126730e+01
   9.4800000e-02   3.1126730e+01
   9.4850000e-02   3.1126730e+01
   9.4900000e-02   3.1126730e+01
   9.4950000e-02   3.1126730e+01
   9.5000000e-02   3.1126730e+01
   9.5050000e-02   3.1126730e+01
   9.5100000e-02   3.1126730e+01
   9.5150000e-02   3.1126730e+01
   9.5200000e-02   3.1126730e+01
   9.5250000e-02   3.1126730e+01
   9.5300000e-02   3.1126730e+01
   9.5350000e-02   3.1126730e+01
   9.5400000e-02   3.1126730e+01
   9.5450000e-02   3.1126730e+01
   9.5500000e-02   3.1126730e+01
   9.5550000e-02   3.1126730e+01
   9.5600000e-02   3.1126730e+01
   9.5650000e-02   3.1126730e+01
   9.5700000e-02   3.1126730e+01
   9.5750000e-02   3.1126730e+01
   9.5800000e-02   3.1126730e+01
   9.5850000e-02   3.1126730e+01
   9.5900000e-02   3.1126730e+01
   9.5950000e-02   3.1126730e+01
   9.6000000e-02   3.1126730e+01
   9.6050000e-02   3.1126730e+01
   9.6100000e-02   3.1126730e+01
   9.6150000e-02   3.1126730e+01
   9.6200000e-02   3.1126730e+01
   9.6250000e-02   3.1126730e+01
   9.6300000e-02   3.1126730e+01
   9.6350000e-02   3.1126730e+01
   9.6400000e-02   3.1126730e+01
   9.6450000e-02   3.1126730e+01
   9.6500000e-02   3.1126730e+01
   9.6550000e-02   3.1126730e+01
   9.6600000e-02   3.1126730e+01
   9.6650000e-02   3.1126730e+01
   9.6700000e-02   3.1126730e+01
   9.6750000e-02   3.1126730e+01
   9.6800000e-02   3.1126730e+01
   9.6850000e-02   3.1126730e+01
   9.6900000e-02   3.1126730e+01
   9.6950000e-02   3.1126730e+01
   9.7000000e-02   3.1126730e+01
   9.7050000e-02   3.1126730e+01
   9.7100000e-02   3.1126730e+01
   9.7150000e-02   3.1126730e+01
   9.7200000e-02   3.1126730e+01
   9.7250000e-02   3.1126730e+01
   9.7300000e-02   3.1126730e+01
   9.7350000e-02   3.1126730e+01
   9.7400000e-02   3.1126730e+01
   9.7450000e-02   3.1126729e+01
   9.7500000e-02   3.1126729e+01
   9.7550000e-02   3.1126730e+01
   9.7600000e-02   3.1126730e+01
   9.7650000e-02   3.1126729e+01
   9.7700000e-02   3.1126729e+01
   9.7750000e-02   3.1126729e+01
   9.7800000e-02   3.1126729e+01
   9.7850000e-02   3.1126729e+01
   9.7900000e-02   3.1126729e+01
   9.7950000e-02   3.1126729e+01
   9.8000000e-02   3.1126729e+01
   9.8050000e-02   3.1126729e+01
   9.8100000e-02   3.1126729e+01
   9.8150000e-02   3.1126729e+01
   9.8200000e-02   3.1126729e+01
   9.8250000e-02   3.1126729e+01
   9.8300000e-02   3.1126729e+01
   9.8350000e-02   3.1126729e+01
   9.8400000e-02   3.1126729e+01
   9.8450000e-02   3.1126729e+01
   9.8500000e-02   3.1126729e+01
   9.8550000e-02   3.1126729e+01
   9.8600000e-02   3.1126729e+01
   9.8650000e-02   3.1126729e+01
   9.8700000e-02   3.1126729e+01
   9.8750000e-02   3.1126729e+01
   9.8800000e-02   3.1126729e+01
   9.8850000e-02   3.1126729e+01
   9.8900000e-02   3.1126729e+01
   9.8950000e-02   3.1126729e+01
   9.9000000e-02   3.1126729e+01
   9.9050000e-02   3.1126729e+01
   9.9100000e-02   3.1126729e+01
   9.9150000e-02   3.1126729e+01
   9.9200000e-02   3.1126729e+01
   9.9250000e-02   3.1126729e+01
   9.9300000e-02   3.1126729e+01
   9.9350000e-02   3.1126729e+01
   9.9400000e-02   3.1126729e+01
   9.9450000e-02   3.1126729e+01
   9.9500000e-02   3.1126729e+01
   9.9550000e-02   3.1126729e+01
   9.9600000e-02   3.1126729e+01
   9.9650000e-02   3.1126729e+01
   9.9700000e-02   3.1126729e+01
   9.9750000e-02   3.1126729e+01
   9.9800000e-02   3.1126729e+01
   9.9850000e-02   3.1126729e+01
   9.9900000e-02   3.1126729e+01
   9.9950000e-02   3.1126729e+01
   1.0000000e-01   3.1126729e+01
   1.0005000e-01   3.1126729e+01
   1.0010000e-01   3.1126729e+01
   1.0015000e-01   3.1126729e+01
   1.0020000e-01   3.1126729e+01
   1.0025000e-01   3.1126729e+01
   1.0030000e-01   3.1126729e+01
   1.0035000e-01   3.1126729e+01
   1.0040000e-01   3.1126729e+01
   1.0045000e-01   3.1126729e+01
   1.0050000e-01   3.1126729e+01
   1.0055000e-01   3.1126729e+01
   1.0060000e-01   3.1126729e+01
   1.0065000e-01   3.1126729e+01
   1.0070000e-01   3.1126729e+01
   1.0075000e-01   3.1126729e+01
   1.0080000e-01   3.1126729e+01
   1.0085000e-01   3.1126729e+01
   1.0090000e-01   3.1126729e+01
   1.0095000e-01   3.1126729e+01
   1.0100000e-01   3.1126729e+01
   1.0105000e-01   3.1126729e+01
   1.0110000e-01   3.1126729e+01
   1.0115000e-01   3.1126729e+01
   1.0120000e-01   3.1126729e+01
   1.0125000e-01   3.1126729e+01
   1.0130000e-01   3.1126729e+01
   1.0135000e-01   3.1126729e+01
   1.0140000e-01   3.1126729e+01
   1.0145000e-01   3.1126729e+01
   1.0150000e-01   3.1126729e+01
   1.0155000e-01   3.1126729e+01
   1.0160000e-01   3.1126729e+01
   1.0165000e-01   3.1126729e+01
   1.0170000e-01   3.1126729e+01
   1.0175000e-01   3.1126729e+01
   1.0180000e-01   3.1126729e+01
   1.0185000e-01   3.1126729e+01
   1.0190000e-01   3.1126729e+01
   1.0195000e-01   3.1126729e+01
   1.0200000e-01   3.1126729e+01
   1.0205000e-01   3.1126729e+01
   1.0210000e-01   3.1126729e+01
   1.0215000e-01   3.1126729e+01
   1.0220000e-01   3.1126729e+01
   1.0225000e-01   3.1126729e+01
   1.0230000e-01   3.1126729e+01
   1.0235000e-01   3.1126729e+01
   1.0240000e-01   3.1126729e+01
   1.0245000e-01   3.1126729e+01
   1.0250000e-01   3.1126729e+01
   1.0255000e-01   3.1126729e+01
   1.0260000e-01   3.1126729e+01
   1.0265000e-01   3.1126729e+01
   1.0270000e-01   3.1126729e+01
   1.0275000e-01   3.1126729e+01
   1.0280000e-01   3.1126729e+01
   1.0285000e-01   3.1126729e+01
   1.0290000e-01   3.1126729e+01
   1.0295000e-01   3.1126729e+01
   1.0300000e-01   3.1126729e+01
   1.0305000e-01   3.1126729e+01
   1.0310000e-01   3.1126729e+01
   1.0315000e-01   3.1126729e+01
   1.0320000e-01   3.1126729e+01
   1.0325000e-01   3.1126729e+01
   1.0330000e-01   3.1126729e+01
   1.0335000e-01   3.1126729e+01
   1.0340000e-01   3.1126729e+01
   1.0345000e-01   3.1126729e+01
   1.0350000e-01   3.1126729e+01
   1.0355000e-01   3.1126729e+01
   1.0360000e-01   3.1126729e+01
   1.0365000e-01   3.1126729e+01
   1.0370000e-01   3.1126729e+01
   1.0375000e-01   3.1126729e+01
   1.0380000e-01   3.1126729e+01
   1.0385000e-01   3.1126729e+01
   1.0390000e-01   3.1126729e+01
   1.0395000e-01   3.1126729e+01
   1.0400000e-01   3.1126729e+01
   1.0405000e-01   3.1126729e+01
   1.0410000e-01   3.1126729e+01
   1.0415000e-01   3.1126729e+01
   1.0420000e-01   3.1126729e+01
   1.0425000e-01   3.1126729e+01
   1.0430000e-01   3.1126729e+01
   1.0435000e-01   3.1126729e+01
   1.0440000e-01   3.1126729e+01
   1.0445000e-01   3.1126729e+01
   1.0450000e-01   3.1126729e+01
   1.0455000e-01   3.1126729e+01
   1.0460000e-01   3.1126729e+01
   1.0465000e-01   3.1126729e+01
   1.0470000e-01   3.1126729e+01
   1.0475000e-01   3.1126729e+01
   1.0480000e-01   3.1126729e+01
   1.0485000e-01   3.1126729e+01
   1.0490000e-01   3.1126729e+01
   1.0495000e-01   3.1126729e+01
   1.0500000e-01   3.1126729e+01
   1.0505000e-01   3.1126729e+01
   1.0510000e-01   3.1126729e+01
   1.0515000e-01   3.1126729e+01
   1.0520000e-01   3.1126729e+01
   1.0525000e-01   3.1126729e+01
   1.0530000e-01   3.1126729e+01
   1.0535000e-01   3.1126729e+01
   1.0540000e-01   3.1126729e+01
   1.0545000e-01   3.1126729e+01
   1.0550000e-01   3.1126729e+01
   1.0555000e-01   3.1126729e+01
   1.0560000e-01   3.1126729e+01
   1.0565000e-01   3.1126729e+01
   1.0570000e-01   3.1126729e+01
   1.0575000e-01   3.1126729e+01
   1.0580000e-01   3.1126729e+01
   1.0585000e-01   3.1126729e+01
   1.0590000e-01   3.1126729e+01
   1.0595000e-01   3.1126729e+01
   1.0600000e-01   3.1126729e+01
   1.0605000e-01   3.1126729e+01
   1.0610000e-01   3.1126729e+01
   1.0615000e-01   3.1126729e+01
   1.0620000e-01   3.1126729e+01
   1.0625000e-01   3.1126729e+01
   1.0630000e-01   3.1126729e+01
   1.0635000e-01   3.1126729e+01
   1.0640000e-01   3.1126729e+01
   1.0645000e-01   3.1126729e+01
   1.0650000e-01   3.1126729e+01
   1.0655000e-01   3.1126729e+01
   1.0660000e-01   3.1126729e+01
   1.0665000e-01   3.1126729e+01
   1.0670000e-01   3.1126729e+01
   1.0675000e-01   3.1126729e+01
   1.0680000e-01   3.1126729e+01
   1.0685000e-01   3.1126729e+01
   1.0690000e-01   3.1126729e+01
   1.0695000e-01   3.1126729e+01
   1.0700000e-01   3.1126729e+01
   1.0705000e-01   3.1126729e+01
   1.0710000e-01   3.1126729e+01
   1.0715000e-01   3.1126729e+01
   1.0720000e-01   3.1126729e+01
   1.0725000e-01   3.1126729e+01
   1.0730000e-01   3.1126729e+01
   1.0735000e-01   3.1126729e+01
   1.0740000e-01   3.1126729e+01
   1.0745000e-01   3.1126729e+01
   1.0750000e-01   3.1126729e+01
   1.0755000e-01   3.1126729e+01
   1.0760000e-01   3.1126729e+01
   1.0765000e-01   3.1126729e+01
   1.0770000e-01   3.1126729e+01
   1.0775000e-01   3.1126729e+01
   1.0780000e-01   3.1126729e+01
   1.0785000e-01   3.1126729e+01
   1.0790000e-01   3.1126729e+01
   1.0795000e-01   3.1126729e+01
   1.0800000e-01   3.1126729e+01
   1.0805000e-01   3.1126729e+01
   1.0810000e-01   3.1126729e+01
   1.0815000e-01   3.1126729e+01
   1.0820000e-01   3.1126729e+01
   1.0825000e-01   3.1126729e+01
   1.0830000e-01   3.1126729e+01
   1.0835000e-01   3.1126729e+01
   1.0840000e-01   3.1126729e+01
   1.0845000e-01   3.1126729e+01
   1.0850000e-01   3.1126729e+01
   1.0855000e-01   3.1126729e+01
   1.0860000e-01   3.1126729e+01
   1.0865000e-01   3.1126729e+01
   1.0870000e-01   3.1126729e+01
   1.0875000e-01   3.1126729e+01
   1.0880000e-01   3.1126729e+01
   1.0885000e-01   3.1126729e+01
   1.0890000e-01   3.1126729e+01
   1.0895000e-01   3.1126729e+01
   1.0900000e-01   3.1126729e+01
   1.0905000e-01   3.1126729e+01
   1.0910000e-01   3.1126729e+01
   1.0915000e-01   3.1126729e+01
   1.0920000e-01   3.1126729e+01
   1.0925000e-01   3.1126729e+01
   1.0930000e-01   3.1126729e+01
   1.0935000e-01   3.1126729e+01
   1.0940000e-01   3.1126729e+01
   1.0945000e-01   3.1126729e+01
   1.0950000e-01   3.1126729e+01
   1.0955000e-01   3.1126729e+01
   1.0960000e-01   3.1126729e+01
   1.0965000e-01   3.1126729e+01
   1.0970000e-01   3.1126729e+01
   1.0975000e-01   3.1126729e+01
   1.0980000e-01   3.1126729e+01
   1.0985000e-01   3.1126729e+01
   1.0990000e-01   3.1126729e+01
   1.0995000e-01   3.1126729e+01
   1.1000000e-01   3.1126729e+01
   1.1005000e-01   3.1126729e+01
   1.1010000e-01   3.1126729e+01
   1.1015000e-01   3.1126729e+01
   1.1020000e-01   3.1126729e+01
   1.1025000e-01   3.1126729e+01
   1.1030000e-01   3.1126729e+01
   1.1035000e-01   3.1126729e+01
   1.1040000e-01   3.1126729e+01
   1.1045000e-01   3.1126729e+01
   1.1050000e-01   3.1126729e+01
   1.1055000e-01   3.1126729e+01
   1.1060000e-01   3.1126729e+01
   1.1065000e-01   3.1126729e+01
   1.1070000e-01   3.1126729e+01
   1.1075000e-01   3.1126729e+01
   1.1080000e-01   3.1126729e+01
   1.1085000e-01   3.1126729e+01
   1.1090000e-01   3.1126729e+01
   1.1095000e-01   3.1126729e+01
   1.1100000e-01   3.1126729e+01
   1.1105000e-01   3.1126729e+01
   1.1110000e-01   3.1126729e+01
   1.1115000e-01   3.1126729e+01
   1.1120000e-01   3.1126729e+01
   1.1125000e-01   3.1126729e+01
   1.1130000e-01   3.1126729e+01
   1.1135000e-01   3.1126729e+01
   1.1140000e-01   3.1126729e+01
   1.1145000e-01   3.1126729e+01
   1.1150000e-01   3.1126729e+01
   1.1155000e-01   3.1126729e+01
   1.1160000e-01   3.1126729e+01
   1.1165000e-01   3.1126729e+01
   1.1170000e-01   3.1126729e+01
   1.1175000e-01   3.1126729e+01
   1.1180000e-01   3.1126729e+01
   1.1185000e-01   3.1126729e+01
   1.1190000e-01   3.1126729e+01
   1.1195000e-01   3.1126729e+01
   1.1200000e-01   3.1126729e+01
   1.1205000e-01   3.1126729e+01
   1.1210000e-01   3.1126729e+01
   1.1215000e-01   3.1126729e+01
   1.1220000e-01   3.1126729e+01
   1.1225000e-01   3.1126729e+01
   1.1230000e-01   3.1126729e+01
   1.1235000e-01   3.1126729e+01
   1.1240000e-01   3.1126729e+01
   1.1245000e-01   3.1126729e+01
   1.1250000e-01   3.1126729e+01
   1.1255000e-01   3.1126729e+01
   1.1260000e-01   3.1126729e+01
   1.1265000e-01   3.1126729e+01
   1.1270000e-01   3.1126729e+01
   1.1275000e-01   3.1126729e+01
   1.1280000e-01   3.1126729e+01
   1.1285000e-01   3.1126729e+01
   1.1290000e-01   3.1126729e+01
   1.1295000e-01   3.1126729e+01
   1.1300000e-01   3.1126729e+01
   1.1305000e-01   3.1126729e+01
   1.1310000e-01   3.1126729e+01
   1.1315000e-01   3.1126729e+01
   1.1320000e-01   3.1126729e+01
   1.1325000e-01   3.1126729e+01
   1.1330000e-01   3.1126729e+01
   1.1335000e-01   3.1126729e+01
   1.1340000e-01   3.1126729e+01
   1.1345000e-01   3.1126729e+01
   1.1350000e-01   3.1126729e+01
   1.1355000e-01   3.1126729e+01
   1.1360000e-01   3.1126729e+01
   1.1365000e-01   3.1126729e+01
   1.1370000e-01   3.1126729e+01
   1.1375000e-01   3.1126729e+01
   1.1380000e-01   3.1126729e+01
   1.1385000e-01   3.1126729e+01
   1.1390000e-01   3.1126729e+01
   1.1395000e-01   3.1126729e+01
   1.1400000e-01   3.1126729e+01
   1.1405000e-01   3.1126729e+01
   1.1410000e-01   3.1126729e+01
   1.1415000e-01   3.1126729e+01
   1.1420000e-01   3.1126729e+01
   1.1425000e-01   3.1126729e+01
   1.1430000e-01   3.1126729e+01
   1.1435000e-01   3.1126729e+01
   1.1440000e-01   3.1126729e+01
   1.1445000e-01   3.1126729e+01
   1.1450000e-01   3.1126729e+01
   1.1455000e-01   3.1126729e+01
   1.1460000e-01   3.1126729e+01
   1.1465000e-01   3.1126729e+01
   1.1470000e-01   3.1126729e+01
   1.1475000e-01   3.1126729e+01
   1.1480000e-01   3.1126729e+01
   1.1485000e-01   3.1126729e+01
   1.1490000e-01   3.1126729e+01
   1.1495000e-01   3.1126729e+01
   1.1500000e-01   3.1126729e+01
   1.1505000e-01   3.1126729e+01
   1.1510000e-01   3.1126729e+01
   1.1515000e-01   3.1126729e+01
   1.1520000e-01   3.1126729e+01
   1.1525000e-01   3.1126729e+01
   1.1530000e-01   3.1126729e+01
   1.1535000e-01   3.1126729e+01
   1.1540000e-01   3.1126729e+01
   1.1545000e-01   3.1126729e+01
   1.1550000e-01   3.1126729e+01
   1.1555000e-01   3.1126729e+01
   1.1560000e-01   3.1126729e+01
   1.1565000e-01   3.1126729e+01
   1.1570000e-01   3.1126729e+01
   1.1575000e-01   3.1126729e+01
   1.1580000e-01   3.1126729e+01
   1.1585000e-01   3.1126729e+01
   1.1590000e-01   3.1126729e+01
   1.1595000e-01   3.1126729e+01
   1.1600000e-01   3.1126729e+01
   1.1605000e-01   3.1126729e+01
   1.1610000e-01   3.1126729e+01
   1.1615000e-01   3.1126729e+01
   1.1620000e-01   3.1126729e+01
   1.1625000e-01   3.1126729e+01
   1.1630000e-01   3.1126729e+01
   1.1635000e-01   3.1126729e+01
   1.1640000e-01   3.1126729e+01
   1.1645000e-01   3.1126729e+01
   1.1650000e-01   3.1126729e+01
   1.1655000e-01   3.1126729e+01
   1.1660000e-01   3.1126729e+01
   1.1665000e-01   3.1126729e+01
   1.1670000e-01   3.1126729e+01
   1.1675000e-01   3.1126729e+01
   1.1680000e-01   3.1126729e+01
   1.1685000e-01   3.1126729e+01
   1.1690000e-01   3.1126729e+01
   1.1695000e-01   3.1126729e+01
   1.1700000e-01   3.1126729e+01
   1.1705000e-01   3.1126729e+01
   1.1710000e-01   3.1126729e+01
   1.1715000e-01   3.1126729e+01
   1.1720000e-01   3.1126729e+01
   1.1725000e-01   3.1126729e+01
   1.1730000e-01   3.1126729e+01
   1.1735000e-01   3.1126729e+01
   1.1740000e-01   3.1126729e+01
   1.1745000e-01   3.1126729e+01
   1.1750000e-01   3.1126729e+01
   1.1755000e-01   3.1126729e+01
   1.1760000e-01   3.1126729e+01
   1.1765000e-01   3.1126729e+01
   1.1770000e-01   3.1126729e+01
   1.1775000e-01   3.1126729e+01
   1.1780000e-01   3.1126729e+01
   1.1785000e-01   3.1126729e+01
   1.1790000e-01   3.1126729e+01
   1.1795000e-01   3.1126729e+01
   1.1800000e-01   3.1126729e+01
   1.1805000e-01   3.1126729e+01
   1.1810000e-01   3.1126729e+01
   1.1815000e-01   3.1126729e+01
   1.1820000e-01   3.1126729e+01
   1.1825000e-01   3.1126729e+01
   1.1830000e-01   3.1126729e+01
   1.1835000e-01   3.1126729e+01
   1.1840000e-01   3.1126729e+01
   1.1845000e-01   3.1126729e+01
   1.1850000e-01   3.1126729e+01
   1.1855000e-01   3.1126729e+01
   1.1860000e-01   3.1126729e+01
   1.1865000e-01   3.1126729e+01
   1.1870000e-01   3.1126729e+01
   1.1875000e-01   3.1126729e+01
   1.1880000e-01   3.1126729e+01
   1.1885000e-01   3.1126729e+01
   1.1890000e-01   3.1126729e+01
   1.1895000e-01   3.1126729e+01
   1.1900000e-01   3.1126729e+01
   1.1905000e-01   3.1126729e+01
   1.1910000e-01   3.1126729e+01
   1.1915000e-01   3.1126729e+01
   1.1920000e-01   3.1126729e+01
   1.1925000e-01   3.1126729e+01
   1.1930000e-01   3.1126729e+01
   1.1935000e-01   3.1126729e+01
   1.1940000e-01   3.1126729e+01
   1.1945000e-01   3.1126729e+01
   1.1950000e-01   3.1126729e+01
   1.1955000e-01   3.1126729e+01
   1.1960000e-01   3.1126729e+01
   1.1965000e-01   3.1126729e+01
   1.1970000e-01   3.1126729e+01
   1.1975000e-01   3.1126729e+01
   1.1980000e-01   3.1126729e+01
   1.1985000e-01   3.1126729e+01
   1.1990000e-01   3.1126729e+01
   1.1995000e-01   3.1126729e+01
   1.2000000e-01   3.1126729e+01
   1.2005000e-01   3.1126729e+01
   1.2010000e-01   3.1126729e+01
   1.2015000e-01   3.1126729e+01
   1.2020000e-01   3.1126729e+01
   1.2025000e-01   3.1126729e+01
   1.2030000e-01   3.1126729e+01
   1.2035000e-01   3.1126729e+01
   1.2040000e-01   3.1126729e+01
   1.2045000e-01   3.1126729e+01
   1.2050000e-01   3.1126729e+01
   1.2055000e-01   3.1126729e+01
   1.2060000e-01   3.1126729e+01
   1.2065000e-01   3.1126729e+01
   1.2070000e-01   3.1126729e+01
   1.2075000e-01   3.1126729e+01
   1.2080000e-01   3.1126729e+01
   1.2085000e-01   3.1126729e+01
   1.2090000e-01   3.1126729e+01
   1.2095000e-01   3.1126729e+01
   1.2100000e-01   3.1126729e+01
   1.2105000e-01   3.1126729e+01
   1.2110000e-01   3.1126729e+01
   1.2115000e-01   3.1126729e+01
   1.2120000e-01   3.1126729e+01
   1.2125000e-01   3.1126729e+01
   1.2130000e-01   3.1126729e+01
   1.2135000e-01   3.1126729e+01
   1.2140000e-01   3.1126729e+01
   1.2145000e-01   3.1126729e+01
   1.2150000e-01   3.1126729e+01
   1.2155000e-01   3.1126729e+01
   1.2160000e-01   3.1126729e+01
   1.2165000e-01   3.1126729e+01
   1.2170000e-01   3.1126729e+01
   1.2175000e-01   3.1126729e+01
   1.2180000e-01   3.1126729e+01
   1.2185000e-01   3.1126729e+01
   1.2190000e-01   3.1126729e+01
   1.2195000e-01   3.1126729e+01
   1.2200000e-01   3.1126729e+01
   1.2205000e-01   3.1126729e+01
   1.2210000e-01   3.1126729e+01
   1.2215000e-01   3.1126729e+01
   1.2220000e-01   3.1126729e+01
   1.2225000e-01   3.1126729e+01
   1.2230000e-01   3.1126729e+01
   1.2235000e-01   3.1126729e+01
   1.2240000e-01   3.1126729e+01
   1.2245000e-01   3.1126729e+01
   1.2250000e-01   3.1126729e+01
   1.2255000e-01   3.1126729e+01
   1.2260000e-01   3.1126729e+01
   1.2265000e-01   3.1126729e+01
   1.2270000e-01   3.1126729e+01
   1.2275000e-01   3.1126729e+01
   1.2280000e-01   3.1126729e+01
   1.2285000e-01   3.1126729e+01
   1.2290000e-01   3.1126729e+01
   1.2295000e-01   3.1126729e+01
   1.2300000e-01   3.1126729e+01
   1.2305000e-01   3.1126729e+01
   1.2310000e-01   3.1126729e+01
   1.2315000e-01   3.1126729e+01
   1.2320000e-01   3.1126729e+01
   1.2325000e-01   3.1126729e+01
   1.2330000e-01   3.1126729e+01
   1.2335000e-01   3.1126729e+01
   1.2340000e-01   3.1126729e+01
   1.2345000e-01   3.1126729e+01
   1.2350000e-01   3.1126729e+01
   1.2355000e-01   3.1126729e+01
   1.2360000e-01   3.1126729e+01
   1.2365000e-01   3.1126729e+01
   1.2370000e-01   3.1126729e+01
   1.2375000e-01   3.1126729e+01
   1.2380000e-01   3.1126729e+01
   1.2385000e-01   3.1126729e+01
   1.2390000e-01   3.1126729e+01
   1.2395000e-01   3.1126729e+01
   1.2400000e-01   3.1126729e+01
   1.2405000e-01   3.1126729e+01
   1.2410000e-01   3.1126729e+01
   1.2415000e-01   3.1126729e+01
   1.2420000e-01   3.1126729e+01
   1.2425000e-01   3.1126729e+01
   1.2430000e-01   3.1126729e+01
   1.2435000e-01   3.1126729e+01
   1.2440000e-01   3.1126729e+01
   1.2445000e-01   3.1126729e+01
   1.2450000e-01   3.1126729e+01
   1.2455000e-01   3.1126729e+01
   1.2460000e-01   3.1126729e+01
   1.2465000e-01   3.1126729e+01
   1.2470000e-01   3.1126729e+01
   1.2475000e-01   3.1126729e+01
   1.2480000e-01   3.1126729e+01
   1.2485000e-01   3.1126729e+01
   1.2490000e-01   3.1126729e+01
   1.2495000e-01   3.1126729e+01
   1.2500000e-01   3.1126729e+01
   1.2505000e-01   3.1126729e+01
   1.2510000e-01   3.1126729e+01
   1.2515000e-01   3.1126729e+01
   1.2520000e-01   3.1126729e+01
   1.2525000e-01   3.1126729e+01
   1.2530000e-01   3.1126729e+01
   1.2535000e-01   3.1126729e+01
   1.2540000e-01   3.1126729e+01
   1.2545000e-01   3.1126729e+01
   1.2550000e-01   3.1126729e+01
   1.2555000e-01   3.1126729e+01
   1.2560000e-01   3.1126729e+01
   1.2565000e-01   3.1126729e+01
   1.2570000e-01   3.1126729e+01
   1.2575000e-01   3.1126729e+01
   1.2580000e-01   3.1126729e+01
   1.2585000e-01   3.1126729e+01
   1.2590000e-01   3.1126729e+01
   1.2595000e-01   3.1126729e+01
   1.2600000e-01   3.1126729e+01
   1.2605000e-01   3.1126729e+01
   1.2610000e-01   3.1126729e+01
   1.2615000e-01   3.1126729e+01
   1.2620000e-01   3.1126729e+01
   1.2625000e-01   3.1126729e+01
   1.2630000e-01   3.1126729e+01
   1.2635000e-01   3.1126729e+01
   1.2640000e-01   3.1126729e+01
   1.2645000e-01   3.1126729e+01
   1.2650000e-01   3.1126729e+01
   1.2655000e-01   3.1126729e+01
   1.2660000e-01   3.1126729e+01
   1.2665000e-01   3.1126729e+01
   1.2670000e-01   3.1126729e+01
   1.2675000e-01   3.1126729e+01
   1.2680000e-01   3.1126729e+01
   1.2685000e-01   3.1126729e+01
   1.2690000e-01   3.1126729e+01
   1.2695000e-01   3.1126729e+01
   1.2700000e-01   3.1126729e+01
   1.2705000e-01   3.1126729e+01
   1.2710000e-01   3.1126729e+01
   1.2715000e-01   3.1126729e+01
   1.2720000e-01   3.1126729e+01
   1.2725000e-01   3.1126729e+01
   1.2730000e-01   3.1126729e+01
   1.2735000e-01   3.1126729e+01
   1.2740000e-01   3.1126729e+01
   1.2745000e-01   3.1126729e+01
   1.2750000e-01   3.1126729e+01
   1.2755000e-01   3.1126729e+01
   1.2760000e-01   3.1126729e+01
   1.2765000e-01   3.1126729e+01
   1.2770000e-01   3.1126729e+01
   1.2775000e-01   3.1126729e+01
