   0.0000000e+00
   1.0000000e+00
   1.1233240e+00
   1.2618569e+00
   1.4174742e+00
   1.5922828e+00
   1.7886495e+00
   2.0092330e+00
   2.2570197e+00
   2.5353645e+00
   2.8480359e+00
   3.1992671e+00
   3.5938137e+00
   4.0370173e+00
   4.5348785e+00
   5.0941380e+00
   5.7223677e+00
   6.4280731e+00
   7.2208090e+00
   8.1113083e+00
   9.1116276e+00
   1.0235310e+01
   1.1497570e+01
   1.2915497e+01
   1.4508288e+01
   1.6297508e+01
   1.8307383e+01
   2.0565123e+01
   2.3101297e+01
   2.5950242e+01
   2.9150531e+01
   3.2745492e+01
   3.6783798e+01
   4.1320124e+01
   4.6415888e+01
   5.2140083e+01
   5.8570208e+01
   6.5793322e+01
   7.3907220e+01
   8.3021757e+01
   9.3260335e+01
   1.0476158e+02
   1.1768120e+02
   1.3219411e+02
   1.4849683e+02
   1.6681005e+02
   1.8738174e+02
   2.1049041e+02
   2.3644894e+02
   2.6560878e+02
   2.9836472e+02
   3.3516027e+02
   3.7649358e+02
   4.2292429e+02
   4.7508102e+02
   5.3366992e+02
   5.9948425e+02
   6.7341507e+02
   7.5646333e+02
   8.4975344e+02
   9.5454846e+02
   1.0722672e+03
   1.2045035e+03
   1.3530478e+03
   1.5199111e+03
   1.7073526e+03
   1.9179103e+03
   2.1544347e+03
   2.4201283e+03
   2.7185882e+03
   3.0538555e+03
   3.4304693e+03
   3.8535286e+03
   4.3287613e+03
   4.8626016e+03
   5.4622772e+03
   6.1359073e+03
   6.8926121e+03
   7.7426368e+03
   8.6974900e+03
   9.7700996e+03
   1.0974988e+04
   1.2328467e+04
   1.3848864e+04
   1.5556761e+04
   1.7475284e+04
   1.9630407e+04
   2.2051307e+04
   2.4770764e+04
   2.7825594e+04
   3.1257159e+04
   3.5111917e+04
   3.9442061e+04
   4.4306215e+04
   4.9770236e+04
   5.5908102e+04
   6.2802914e+04
   7.0548023e+04
   7.9248290e+04
   8.9021509e+04
   1.0000000e+05
   1.0500000e+05
   1.1000000e+05
   1.1500000e+05
   1.2000000e+05
   1.2500000e+05
   1.3000000e+05
   1.3500000e+05
   1.4000000e+05
   1.4500000e+05
   1.5000000e+05
   1.5500000e+05
   1.6000000e+05
   1.6500000e+05
   1.7000000e+05
   1.7500000e+05
   1.8000000e+05
   1.8500000e+05
   1.9000000e+05
   1.9500000e+05
   2.0000000e+05
   2.0500000e+05
   2.1000000e+05
   2.1500000e+05
   2.2000000e+05
   2.2500000e+05
   2.3000000e+05
   2.3500000e+05
   2.4000000e+05
   2.4500000e+05
   2.5000000e+05
   2.5500000e+05
   2.6000000e+05
   2.6500000e+05
   2.7000000e+05
   2.7500000e+05
   2.8000000e+05
   2.8500000e+05
   2.9000000e+05
   2.9500000e+05
   3.0000000e+05
   3.0500000e+05
   3.1000000e+05
   3.1500000e+05
   3.2000000e+05
   3.2500000e+05
   3.3000000e+05
   3.3500000e+05
   3.4000000e+05
   3.4500000e+05
   3.5000000e+05
   3.5500000e+05
   3.6000000e+05
   3.6500000e+05
   3.7000000e+05
   3.7500000e+05
   3.8000000e+05
   3.8500000e+05
   3.9000000e+05
   3.9500000e+05
   4.0000000e+05
   4.0500000e+05
   4.1000000e+05
   4.1500000e+05
   4.2000000e+05
   4.2500000e+05
   4.3000000e+05
   4.3500000e+05
   4.4000000e+05
   4.4500000e+05
   4.5000000e+05
   4.5500000e+05
   4.6000000e+05
   4.6500000e+05
   4.7000000e+05
   4.7500000e+05
   4.8000000e+05
   4.8500000e+05
   4.9000000e+05
   4.9500000e+05
   5.0000000e+05
   5.0500000e+05
   5.1000000e+05
   5.1500000e+05
   5.2000000e+05
   5.2500000e+05
   5.3000000e+05
   5.3500000e+05
   5.4000000e+05
   5.4500000e+05
   5.5000000e+05
   5.5500000e+05
   5.6000000e+05
   5.6500000e+05
   5.7000000e+05
   5.7500000e+05
   5.8000000e+05
   5.8500000e+05
   5.9000000e+05
   5.9500000e+05
   6.0000000e+05
   6.0500000e+05
   6.1000000e+05
   6.1500000e+05
   6.2000000e+05
   6.2500000e+05
   6.3000000e+05
   6.3500000e+05
   6.4000000e+05
   6.4500000e+05
   6.5000000e+05
   6.5500000e+05
   6.6000000e+05
   6.6500000e+05
   6.7000000e+05
   6.7500000e+05
   6.8000000e+05
   6.8500000e+05
   6.9000000e+05
   6.9500000e+05
   7.0000000e+05
   7.0500000e+05
   7.1000000e+05
   7.1500000e+05
   7.2000000e+05
   7.2500000e+05
   7.3000000e+05
   7.3500000e+05
   7.4000000e+05
   7.4500000e+05
   7.5000000e+05
   7.5500000e+05
   7.6000000e+05
   7.6500000e+05
   7.7000000e+05
   7.7500000e+05
   7.8000000e+05
   7.8500000e+05
   7.9000000e+05
   7.9500000e+05
   8.0000000e+05
   8.0500000e+05
   8.1000000e+05
   8.1500000e+05
   8.2000000e+05
   8.2500000e+05
   8.3000000e+05
   8.3500000e+05
   8.4000000e+05
   8.4500000e+05
   8.5000000e+05
   8.5500000e+05
   8.6000000e+05
   8.6500000e+05
   8.7000000e+05
   8.7500000e+05
   8.8000000e+05
   8.8500000e+05
   8.9000000e+05
   8.9500000e+05
   9.0000000e+05
   9.0500000e+05
   9.1000000e+05
   9.1500000e+05
   9.2000000e+05
   9.2500000e+05
   9.3000000e+05
   9.3500000e+05
   9.4000000e+05
   9.4500000e+05
   9.5000000e+05
   9.5500000e+05
   9.6000000e+05
   9.6500000e+05
   9.7000000e+05
   9.7500000e+05
   9.8000000e+05
   9.8500000e+05
   9.9000000e+05
   9.9500000e+05
   1.0000000e+06
