iter A R
0 0 0
100000 1 0
200000 5 0
300000 16 0
400000 25 0
500000 36 0
600000 77 0
700000 111 0
800000 128 1
900000 146 0
1000000 179 0
1100000 231 1
1200000 266 0
1300000 313 0
1400000 383 0
1500000 462 0
1600000 541 0
1700000 590 0
1800000 645 1
1900000 696 0
2000000 758 0
2100000 827 1
2200000 877 1
2300000 932 0
2400000 989 1
2500000 1032 0
2600000 1074 1
2700000 1123 1
2800000 1169 0
2900000 1225 0
3000000 1259 0
3100000 1311 0
3200000 1318 0
3300000 1302 0
3400000 1317 0
3500000 1361 0
3600000 1368 0
3700000 1400 1
3800000 1402 1
3900000 1374 1
4000000 1372 1
4100000 1407 0
4200000 1423 1
4300000 1415 0
4400000 1391 0
4500000 1442 1
4600000 1462 1
4700000 1494 0
4800000 1565 2
4900000 1594 2
5000000 1606 1
5100000 1584 2
5200000 1578 0
5300000 1604 0
5400000 1616 0
5500000 1613 1
5600000 1591 2
5700000 1590 0
5800000 1592 0
5900000 1589 1
6000000 1552 1
6100000 1541 0
6200000 1533 2
6300000 1526 0
6400000 1521 0
6500000 1512 1
6600000 1508 0
6700000 1516 2
6800000 1511 2
6900000 1473 2
7000000 1440 2
7100000 1430 2
7200000 1403 3
7300000 1387 1
7400000 1363 2
7500000 1351 0
7600000 1288 2
7700000 1271 0
7800000 1242 2
7900000 1219 2
8000000 1217 4
8100000 1246 1
8200000 1233 2
8300000 1212 0
8400000 1209 4
8500000 1196 0
8600000 1189 2
8700000 1207 1
8800000 1233 1
8900000 1247 1
9000000 1242 2
9100000 1242 5
9200000 1219 0
9300000 1179 4
9400000 1192 1
9500000 1203 4
9600000 1195 1
9700000 1164 2
9800000 1149 6
9900000 1146 1
10000000 1125 2
10100000 1127 2
10200000 1094 2
10300000 1079 0
10400000 1058 0
10500000 1044 3
10600000 1023 4
10700000 984 4
10800000 967 2
10900000 928 4
11000000 866 3
11100000 822 9
11200000 814 1
11300000 812 4
11400000 805 2
11500000 808 4
11600000 823 9
11700000 866 3
11800000 904 3
11900000 894 3
12000000 852 3
12100000 831 4
12200000 805 1
12300000 744 3
12400000 678 10
12500000 633 5
12600000 614 4
12700000 603 4
12800000 574 9
12900000 526 12
13000000 488 4
13100000 463 7
13200000 465 9
13300000 454 3
13400000 420 7
13500000 401 9
13600000 358 13
13700000 321 19
13800000 257 20
13900000 193 20
14000000 154 25
14100000 95 35
14200000 45 61
14300000 29 84
14400000 17 118
14500000 12 159
14600000 9 212
14700000 4 246
14800000 8 304
14900000 11 296
15000000 7 337
15100000 10 382
15200000 4 433
15300000 3 494
15400000 5 532
15500000 9 577
15600000 2 594
15700000 0 646
15800000 1 693
15900000 0 741
16000000 0 793
16100000 0 840
16200000 2 889
16300000 1 919
16400000 1 962
16500000 0 993
16600000 2 1014
16700000 0 1030
16800000 0 1051
16900000 1 1075
17000000 0 1118
17100000 0 1142
17200000 0 1148
17300000 0 1171
17400000 1 1180
17500000 0 1198
17600000 1 1206
17700000 2 1227
17800000 0 1246
17900000 0 1242
18000000 0 1255
18100000 2 1272
18200000 2 1275
18300000 0 1279
18400000 0 1298
18500000 0 1310
18600000 0 1314
18700000 1 1318
18800000 1 1322
18900000 1 1321
19000000 0 1315
19100000 0 1310
19200000 1 1315
19300000 0 1322
19400000 0 1329
19500000 0 1342
19600000 0 1335
19700000 0 1322
19800000 0 1315
19900000 2 1311
20000000 1 1302
20100000 0 1294
20200000 1 1257
20300000 1 1247
20400000 1 1227
20500000 2 1220
20600000 0 1205
20700000 0 1198
20800000 0 1183
20900000 2 1165
21000000 0 1156
21100000 0 1149
21200000 1 1144
21300000 1 1145
21400000 0 1142
21500000 0 1135
21600000 0 1111
21700000 0 1113
21800000 1 1114
21900000 0 1116
22000000 2 1111
22100000 0 1096
22200000 0 1101
22300000 1 1109
22400000 0 1103
22500000 1 1104
22600000 0 1101
22700000 1 1088
22800000 2 1075
22900000 0 1071
23000000 0 1075
23100000 2 1074
23200000 0 1050
23300000 0 1040
23400000 2 1035
23500000 0 1024
23600000 0 1024
23700000 0 1018
23800000 0 1018
23900000 0 1016
24000000 0 1004
24100000 2 995
24200000 0 986
24300000 0 978
24400000 0 972
24500000 0 965
24600000 0 972
24700000 1 968
24800000 0 952
24900000 2 947
25000000 1 939
25100000 0 943
25200000 1 947
25300000 0 943
25400000 0 939
25500000 0 936
25600000 1 930
25700000 0 931
25800000 1 916
25900000 0 899
26000000 0 891
26100000 0 892
26200000 0 887
26300000 0 867
26400000 1 859
26500000 0 861
26600000 0 855
26700000 1 853
26800000 0 853
26900000 0 847
27000000 0 845
27100000 0 843
27200000 0 836
27300000 0 830
27400000 0 829
27500000 0 822
27600000 1 809
27700000 1 806
27800000 0 795
27900000 0 784
28000000 0 773
28100000 0 748
28200000 0 736
28300000 1 729
28400000 0 720
28500000 0 705
28600000 0 710
28700000 0 703
28800000 0 703
28900000 0 701
29000000 3 684
29100000 1 682
29200000 0 675
29300000 3 661
29400000 1 626
29500000 1 582
29600000 4 557
29700000 5 523
29800000 2 508
29900000 1 507
30000000 2 490
30100000 2 477
30200000 1 481
30300000 1 490
30400000 2 486
30500000 1 497
30600000 2 488
30700000 1 489
30800000 0 492
30900000 1 505
31000000 1 506
31100000 3 502
31200000 0 498
31300000 2 493
31400000 1 480
31500000 1 475
31600000 1 467
31700000 0 456
31800000 1 452
31900000 2 433
32000000 1 422
32100000 2 419
32200000 3 401
32300000 0 391
32400000 6 380
32500000 3 351
32600000 5 340
32700000 1 327
32800000 2 329
32900000 3 338
33000000 2 337
33100000 1 331
33200000 6 304
33300000 6 278
33400000 3 261
33500000 5 259
33600000 1 248
33700000 8 239
33800000 7 224
33900000 6 227
34000000 5 226
34100000 0 245
34200000 1 263
34300000 2 277
34400000 5 276
34500000 1 276
34600000 2 283
34700000 0 286
34800000 1 299
34900000 0 310
35000000 1 312
35100000 1 312
35200000 6 306
35300000 8 266
35400000 11 232
35500000 4 214
35600000 14 213
35700000 10 179
35800000 9 153
35900000 8 154
36000000 4 170
36100000 3 182
36200000 4 192
36300000 1 194
36400000 9 196
36500000 3 195
36600000 6 209
36700000 7 213
36800000 4 205
36900000 2 212
37000000 1 217
37100000 2 229
37200000 1 227
37300000 4 227
37400000 2 230
37500000 2 244
37600000 3 240
37700000 3 244
37800000 2 241
37900000 0 247
38000000 1 262
38100000 2 261
38200000 3 272
38300000 2 272
38400000 0 275
38500000 1 268
38600000 6 262
38700000 7 249
38800000 0 248
38900000 3 252
39000000 2 261
39100000 2 258
39200000 0 269
39300000 4 273
39400000 2 268
39500000 5 267
39600000 2 266
39700000 1 259
39800000 5 247
39900000 3 237
40000000 6 236
40100000 9 227
40200000 5 204
40300000 4 197
40400000 3 195
40500000 8 200
40600000 2 201
40700000 6 197
40800000 3 195
40900000 4 190
41000000 6 199
41100000 3 204
41200000 9 194
41300000 1 170
41400000 8 157
41500000 5 144
41600000 3 155
41700000 18 128
41800000 22 98
41900000 27 78
42000000 23 41
42100000 39 25
42200000 33 21
42300000 37 21
42400000 37 29
42500000 66 27
42600000 112 15
42700000 163 4
42800000 199 4
42900000 210 3
43000000 244 4
43100000 268 4
43200000 282 2
43300000 325 4
43400000 355 4
43500000 378 6
43600000 397 6
43700000 429 3
43800000 454 2
43900000 482 1
44000000 504 1
44100000 522 0
44200000 533 0
44300000 552 3
44400000 556 4
44500000 549 3
44600000 572 3
44700000 595 7
44800000 628 2
44900000 665 1
45000000 674 1
45100000 695 4
45200000 658 2
45300000 644 1
45400000 651 2
45500000 642 2
45600000 642 0
45700000 648 1
45800000 673 5
45900000 699 2
46000000 717 1
46100000 757 3
46200000 774 2
46300000 790 4
46400000 802 0
46500000 807 2
46600000 814 3
46700000 801 0
46800000 827 1
46900000 847 2
47000000 851 2
47100000 856 1
47200000 880 1
47300000 945 1
47400000 947 2
47500000 946 1
47600000 965 3
47700000 968 2
47800000 969 1
47900000 991 3
48000000 996 2
48100000 1013 0
48200000 1031 1
48300000 998 2
48400000 983 4
48500000 1002 1
48600000 1031 1
48700000 1031 5
48800000 1016 7
48900000 940 0
49000000 889 0
49100000 879 6
49200000 870 2
49300000 862 3
49400000 894 3
49500000 896 4
49600000 938 1
49700000 952 5
49800000 911 4
49900000 873 1
50000000 859 5
50100000 857 1
50200000 826 5
50300000 865 3
50400000 886 2
50500000 922 1
50600000 941 2
50700000 951 1
50800000 996 2
50900000 1021 4
51000000 1012 1
51100000 1007 2
51200000 1035 5
51300000 995 4
51400000 996 2
51500000 1003 4
51600000 997 1
51700000 972 2
51800000 978 4
51900000 974 4
52000000 957 2
52100000 908 7
52200000 896 6
52300000 866 5
52400000 862 5
52500000 846 6
52600000 793 1
52700000 794 3
52800000 788 2
52900000 755 7
53000000 722 2
53100000 671 4
53200000 627 10
53300000 588 4
53400000 563 7
53500000 546 13
53600000 515 6
53700000 499 10
53800000 489 4
53900000 471 8
54000000 448 10
54100000 443 7
54200000 434 8
54300000 412 6
54400000 415 9
54500000 374 11
54600000 325 14
54700000 331 8
54800000 297 14
54900000 278 15
55000000 276 9
55100000 268 13
55200000 271 15
55300000 265 12
55400000 255 12
55500000 223 16
55600000 177 27
55700000 121 33
55800000 73 50
55900000 31 75
56000000 24 113
56100000 11 166
56200000 4 218
56300000 4 275
56400000 1 334
56500000 7 401
56600000 3 461
56700000 0 522
56800000 3 560
56900000 1 598
57000000 0 652
57100000 0 699
57200000 0 747
57300000 1 782
57400000 0 829
57500000 2 867
57600000 2 893
57700000 0 914
57800000 0 955
57900000 0 982
58000000 0 1006
58100000 0 1024
58200000 0 1063
58300000 0 1097
58400000 0 1113
58500000 0 1136
58600000 0 1160
58700000 0 1177
58800000 0 1185
58900000 1 1199
59000000 1 1200
59100000 0 1205
59200000 0 1200
59300000 3 1174
59400000 1 1145
59500000 1 1148
59600000 0 1137
59700000 0 1138
59800000 2 1143
59900000 0 1157
60000000 0 1161
60100000 1 1176
60200000 0 1179
60300000 0 1185
60400000 0 1192
60500000 0 1185
60600000 0 1187
60700000 0 1194
60800000 4 1173
60900000 1 1157
61000000 2 1135
61100000 1 1127
61200000 0 1130
61300000 2 1123
61400000 2 1118
61500000 0 1111
61600000 0 1105
61700000 1 1102
61800000 0 1107
61900000 0 1105
62000000 1 1087
62100000 0 1079
62200000 0 1086
62300000 0 1089
62400000 0 1079
62500000 0 1073
62600000 0 1076
62700000 0 1079
62800000 0 1081
62900000 0 1089
63000000 1 1084
63100000 0 1080
63200000 0 1064
63300000 1 1048
63400000 1 1040
63500000 1 1029
63600000 0 1028
63700000 0 1024
63800000 0 1015
63900000 0 1015
64000000 0 1007
64100000 2 991
64200000 1 979
64300000 0 985
64400000 1 976
64500000 0 961
64600000 1 955
64700000 0 943
64800000 1 929
64900000 1 909
65000000 0 904
65100000 0 910
65200000 1 905
65300000 0 899
65400000 0 894
65500000 1 887
65600000 0 887
65700000 2 890
65800000 1 875
65900000 0 868
66000000 1 867
66100000 0 850
66200000 1 844
66300000 0 841
66400000 0 848
66500000 0 838
66600000 2 821
66700000 1 803
66800000 1 794
66900000 2 774
67000000 0 770
67100000 1 752
67200000 2 742
67300000 2 743
67400000 1 733
67500000 1 725
67600000 2 710
67700000 3 705
67800000 0 692
67900000 0 683
68000000 0 678
68100000 1 662
68200000 1 655
68300000 3 637
68400000 3 631
68500000 1 622
68600000 1 621
68700000 0 614
68800000 1 600
68900000 1 602
69000000 0 606
69100000 0 600
69200000 0 600
69300000 1 596
69400000 0 589
69500000 1 594
69600000 1 588
69700000 0 584
69800000 0 579
69900000 0 574
70000000 0 574
70100000 0 576
70200000 1 577
70300000 1 571
70400000 3 533
70500000 5 499
70600000 3 480
70700000 1 453
70800000 2 442
70900000 1 447
71000000 2 441
71100000 2 439
71200000 1 437
71300000 0 433
71400000 1 422
71500000 0 425
71600000 1 423
71700000 0 419
71800000 3 423
71900000 1 423
72000000 1 429
72100000 4 442
72200000 3 433
72300000 0 432
72400000 0 428
72500000 0 439
72600000 1 429
72700000 3 416
72800000 0 403
72900000 2 400
73000000 3 388
73100000 1 380
73200000 3 382
73300000 3 382
73400000 3 374
73500000 6 375
73600000 3 373
73700000 1 370
73800000 0 371
73900000 1 378
74000000 1 380
74100000 0 386
74200000 2 385
74300000 0 385
74400000 4 386
74500000 3 377
74600000 2 359
74700000 1 354
74800000 2 342
74900000 4 349
75000000 1 341
75100000 1 337
75200000 0 341
75300000 4 345
75400000 2 327
75500000 4 317
75600000 2 308
75700000 8 302
75800000 1 295
75900000 1 296
76000000 0 301
76100000 0 318
76200000 5 329
76300000 1 322
76400000 1 330
76500000 0 330
76600000 3 334
76700000 1 329
76800000 1 328
76900000 0 331
77000000 3 337
77100000 3 333
77200000 3 330
77300000 0 319
77400000 2 314
77500000 5 311
77600000 3 305
77700000 3 309
77800000 2 310
77900000 2 306
78000000 0 310
78100000 3 302
78200000 1 287
78300000 1 281
78400000 4 291
78500000 2 285
78600000 0 275
78700000 2 280
78800000 0 279
78900000 2 279
79000000 1 274
79100000 3 278
79200000 2 265
79300000 7 267
79400000 5 252
79500000 3 247
79600000 4 252
79700000 2 248
79800000 1 250
79900000 9 246
80000000 0 233
80100000 4 231
80200000 3 231
80300000 4 224
80400000 1 226
80500000 5 236
80600000 0 229
80700000 3 234
80800000 1 234
80900000 4 231
81000000 6 216
81100000 3 204
81200000 1 189
81300000 1 188
81400000 2 197
81500000 4 202
81600000 1 210
81700000 1 216
81800000 0 223
81900000 1 227
82000000 2 226
82100000 3 222
82200000 2 229
82300000 1 222
82400000 1 219
82500000 2 229
82600000 2 229
82700000 5 230
82800000 3 209
82900000 8 194
83000000 7 183
83100000 2 179
83200000 7 177
83300000 2 176
83400000 2 182
83500000 3 173
83600000 1 170
83700000 4 171
83800000 8 162
83900000 2 149
84000000 7 150
84100000 9 150
84200000 4 141
84300000 3 159
84400000 4 167
84500000 2 166
84600000 4 174
84700000 2 181
84800000 2 179
84900000 7 184
85000000 5 172
85100000 5 166
85200000 4 162
85300000 3 162
85400000 5 165
85500000 9 164
85600000 6 158
85700000 5 166
85800000 1 162
85900000 1 167
86000000 0 182
86100000 6 191
86200000 7 181
86300000 7 154
86400000 4 127
86500000 5 125
86600000 6 116
86700000 5 101
86800000 7 109
86900000 6 119
87000000 7 116
87100000 8 108
87200000 4 107
87300000 6 111
87400000 4 115
87500000 3 117
87600000 2 119
87700000 3 120
87800000 3 134
87900000 1 136
88000000 0 144
88100000 3 152
88200000 5 155
88300000 7 147
88400000 4 136
88500000 2 137
88600000 3 137
88700000 6 138
88800000 5 137
88900000 3 136
89000000 1 129
89100000 6 132
89200000 4 141
89300000 13 124
89400000 8 100
89500000 6 92
89600000 8 92
89700000 6 84
89800000 6 95
89900000 4 88
90000000 6 96
90100000 8 87
90200000 32 71
90300000 31 51
90400000 46 31
90500000 95 14
90600000 114 7
90700000 169 6
90800000 173 4
90900000 188 4
91000000 211 2
91100000 215 4
91200000 225 3
91300000 235 5
91400000 246 2
91500000 266 3
91600000 316 3
91700000 385 2
91800000 423 0
91900000 471 2
92000000 490 0
92100000 552 3
92200000 591 0
92300000 638 0
92400000 670 3
92500000 703 1
92600000 724 2
92700000 703 0
92800000 691 1
92900000 707 2
93000000 730 0
93100000 766 1
93200000 785 2
93300000 820 0
93400000 811 0
93500000 856 2
93600000 917 1
93700000 939 1
93800000 983 1
93900000 996 2
94000000 995 0
94100000 1019 2
94200000 1034 3
94300000 1044 0
94400000 1066 2
94500000 1058 0
94600000 1069 3
94700000 1080 2
94800000 1073 1
94900000 1102 0
95000000 1111 3
95100000 1119 0
95200000 1111 2
95300000 1098 2
95400000 1143 3
95500000 1165 1
95600000 1161 3
95700000 1178 0
95800000 1193 4
95900000 1178 2
96000000 1167 0
96100000 1148 1
96200000 1136 1
96300000 1124 1
96400000 1155 1
96500000 1171 0
96600000 1174 2
96700000 1154 2
96800000 1169 1
96900000 1149 5
97000000 1115 4
97100000 1094 4
97200000 1057 1
97300000 1043 2
97400000 1039 2
97500000 1053 3
97600000 1032 4
97700000 985 3
97800000 978 2
97900000 966 2
98000000 935 3
98100000 932 3
98200000 925 2
98300000 922 3
98400000 919 3
98500000 910 5
98600000 935 5
98700000 923 6
98800000 916 5
98900000 924 2
99000000 935 3
99100000 943 4
99200000 939 4
99300000 930 5
99400000 950 3
99500000 950 5
99600000 920 2
99700000 921 3
99800000 924 3
99900000 917 4
100000000 883 7
100100000 872 5
100200000 860 4
100300000 810 3
100400000 775 2
100500000 744 5
100600000 712 2
100700000 708 6
100800000 695 3
100900000 653 5
101000000 632 8
101100000 618 7
101200000 593 4
101300000 542 3
101400000 527 8
101500000 504 10
101600000 482 7
101700000 468 5
101800000 444 9
101900000 435 15
102000000 418 4
102100000 408 10
102200000 370 7
102300000 347 11
102400000 325 15
102500000 325 16
102600000 319 13
102700000 305 11
102800000 311 13
102900000 285 11
103000000 273 15
103100000 297 13
103200000 322 18
103300000 311 8
103400000 318 16
103500000 326 11
103600000 320 12
103700000 331 7
103800000 327 10
103900000 314 12
104000000 288 12
104100000 252 16
104200000 217 14
104300000 199 18
104400000 180 25
104500000 142 24
104600000 114 28
104700000 93 36
104800000 55 55
104900000 33 72
105000000 8 131
105100000 4 198
105200000 3 273
105300000 1 330
105400000 0 400
105500000 2 479
105600000 1 547
105700000 0 607
105800000 0 642
105900000 0 678
106000000 0 734
106100000 1 782
106200000 0 810
106300000 1 845
106400000 3 872
106500000 2 901
106600000 0 928
106700000 1 963
106800000 4 990
106900000 2 1021
107000000 1 1054
107100000 0 1066
107200000 1 1069
107300000 2 1082
107400000 1 1105
107500000 1 1115
107600000 0 1134
107700000 0 1147
107800000 0 1162
107900000 1 1165
108000000 0 1193
108100000 0 1199
108200000 1 1203
108300000 0 1209
108400000 0 1212
108500000 0 1219
108600000 1 1224
108700000 1 1243
108800000 0 1249
108900000 0 1265
109000000 0 1278
109100000 0 1273
109200000 0 1282
109300000 0 1289
109400000 0 1289
109500000 0 1275
109600000 0 1261
109700000 0 1254
109800000 0 1248
109900000 0 1229
110000000 0 1218
110100000 0 1222
110200000 0 1224
110300000 0 1225
110400000 0 1209
110500000 1 1190
110600000 0 1183
110700000 0 1176
110800000 1 1173
110900000 0 1175
111000000 0 1160
111100000 1 1154
111200000 3 1146
111300000 1 1128
111400000 0 1125
111500000 0 1124
111600000 0 1115
111700000 1 1118
111800000 0 1120
111900000 2 1124
112000000 0 1125
112100000 0 1123
112200000 0 1119
112300000 0 1122
112400000 0 1114
112500000 1 1096
112600000 1 1079
112700000 0 1068
112800000 1 1052
112900000 1 1043
113000000 1 1031
113100000 1 1019
113200000 0 1003
113300000 0 988
113400000 1 968
113500000 0 963
113600000 0 957
113700000 0 950
113800000 1 946
113900000 1 932
114000000 0 931
114100000 0 936
114200000 0 932
114300000 0 940
114400000 0 952
114500000 0 954
114600000 0 944
114700000 2 942
114800000 2 927
114900000 0 913
115000000 0 907
115100000 0 891
115200000 1 886
115300000 0 876
115400000 0 873
115500000 0 866
115600000 1 846
115700000 1 825
115800000 1 820
115900000 0 809
116000000 1 803
116100000 0 799
116200000 1 796
116300000 1 780
116400000 0 778
116500000 2 777
116600000 1 756
116700000 2 744
116800000 1 733
116900000 0 724
117000000 0 712
117100000 1 713
117200000 1 710
117300000 1 698
117400000 1 695
117500000 3 694
117600000 1 681
117700000 1 676
117800000 0 662
117900000 0 666
118000000 0 673
118100000 0 666
118200000 1 660
118300000 3 649
118400000 1 644
118500000 0 643
118600000 0 637
118700000 1 633
118800000 0 630
118900000 0 629
119000000 1 634
119100000 0 629
119200000 0 621
119300000 0 632
119400000 1 633
119500000 0 616
119600000 2 610
119700000 1 609
119800000 0 604
119900000 1 600
120000000 0 596
120100000 0 599
120200000 0 601
120300000 1 594
120400000 1 572
120500000 0 565
120600000 2 561
120700000 2 545
120800000 5 527
120900000 0 502
121000000 1 494
121100000 1 491
121200000 0 478
121300000 3 480
121400000 1 472
121500000 0 471
121600000 0 475
121700000 0 475
121800000 2 476
121900000 1 474
122000000 3 466
122100000 2 461
122200000 0 454
122300000 1 445
122400000 2 433
122500000 2 420
122600000 2 409
122700000 2 404
122800000 0 394
122900000 2 396
123000000 0 393
123100000 0 391
123200000 0 388
123300000 0 384
123400000 0 390
123500000 0 399
123600000 1 399
123700000 2 392
123800000 3 386
123900000 2 358
124000000 4 347
124100000 0 336
124200000 5 328
124300000 4 314
124400000 5 316
124500000 4 306
124600000 2 304
124700000 0 300
124800000 3 287
124900000 2 275
125000000 3 270
125100000 0 274
125200000 5 267
125300000 3 260
125400000 2 262
125500000 3 247
125600000 1 252
125700000 3 253
125800000 2 253
125900000 2 249
126000000 2 256
126100000 2 256
126200000 3 252
126300000 1 250
126400000 2 248
126500000 0 250
126600000 1 260
126700000 2 261
126800000 1 259
126900000 4 264
127000000 0 258
127100000 3 259
127200000 5 258
127300000 2 241
127400000 2 240
127500000 4 240
127600000 4 229
127700000 2 229
127800000 5 224
127900000 2 222
128000000 5 216
128100000 10 199
128200000 16 168
128300000 11 137
128400000 6 122
128500000 7 123
128600000 3 131
128700000 10 137
128800000 5 134
128900000 4 132
129000000 3 136
129100000 4 144
129200000 2 145
129300000 3 150
129400000 4 156
129500000 2 161
129600000 3 162
129700000 2 177
129800000 0 183
129900000 2 193
130000000 2 207
130100000 2 206
130200000 1 198
130300000 4 203
130400000 5 210
130500000 5 212
130600000 5 211
130700000 7 201
130800000 7 193
130900000 5 180
131000000 8 168
131100000 8 158
131200000 14 151
131300000 18 138
131400000 16 104
131500000 28 76
131600000 38 58
131700000 40 41
131800000 27 30
131900000 40 24
132000000 45 19
132100000 55 18
132200000 77 16
132300000 85 14
132400000 107 14
132500000 118 14
132600000 127 10
132700000 141 11
132800000 157 5
132900000 177 6
133000000 211 7
133100000 262 5
133200000 312 2
133300000 360 3
133400000 397 3
133500000 425 2
133600000 450 3
133700000 486 5
133800000 526 6
133900000 552 1
134000000 602 2
134100000 631 1
134200000 641 3
134300000 644 2
134400000 660 1
134500000 679 2
134600000 694 2
134700000 729 2
134800000 762 1
134900000 811 1
135000000 839 1
135100000 889 1
135200000 909 0
135300000 927 2
135400000 947 1
135500000 924 0
135600000 943 4
135700000 1007 3
135800000 1068 3
135900000 1088 1
136000000 1071 0
136100000 1080 3
136200000 1082 0
136300000 1070 3
136400000 1055 2
136500000 1100 3
136600000 1108 0
136700000 1141 1
136800000 1180 2
136900000 1214 1
137000000 1248 1
137100000 1271 1
137200000 1292 1
137300000 1320 0
137400000 1332 1
137500000 1354 3
137600000 1385 2
137700000 1416 1
137800000 1433 1
137900000 1425 0
138000000 1414 1
138100000 1408 2
138200000 1378 3
138300000 1319 0
138400000 1324 0
138500000 1320 2
138600000 1290 0
138700000 1284 6
138800000 1269 3
138900000 1240 2
139000000 1217 7
139100000 1173 1
139200000 1147 1
139300000 1146 4
139400000 1154 2
139500000 1141 3
139600000 1094 5
139700000 1054 2
139800000 1029 2
139900000 1010 5
140000000 984 4
140100000 966 7
140200000 911 1
140300000 898 2
140400000 909 5
140500000 910 2
140600000 917 6
140700000 905 4
140800000 876 2
140900000 872 1
141000000 878 3
141100000 872 1
141200000 879 4
141300000 881 4
141400000 888 5
141500000 894 5
141600000 880 4
141700000 877 4
141800000 878 4
141900000 859 3
142000000 843 6
142100000 824 9
142200000 805 7
142300000 800 4
142400000 808 7
142500000 794 4
142600000 773 5
142700000 770 4
142800000 744 4
142900000 731 6
143000000 685 3
143100000 650 6
143200000 626 4
143300000 587 5
143400000 568 8
143500000 509 4
143600000 505 3
143700000 521 7
143800000 503 11
143900000 445 11
144000000 403 6
144100000 396 13
144200000 344 14
144300000 293 23
144400000 228 23
144500000 182 27
144600000 155 30
144700000 124 25
144800000 102 38
144900000 78 48
145000000 67 54
145100000 36 82
145200000 18 122
145300000 8 174
145400000 2 233
145500000 4 299
145600000 0 369
145700000 1 428
145800000 1 488
145900000 0 548
146000000 1 608
146100000 3 665
146200000 0 711
146300000 1 760
146400000 0 795
146500000 0 833
146600000 0 875
146700000 0 908
146800000 2 936
146900000 0 954
147000000 0 966
147100000 1 999
147200000 1 1024
147300000 0 1060
147400000 1 1085
147500000 0 1096
147600000 1 1127
147700000 0 1128
147800000 0 1141
147900000 0 1162
148000000 1 1173
148100000 2 1180
148200000 0 1200
148300000 2 1203
148400000 1 1200
148500000 0 1207
148600000 0 1218
148700000 2 1226
148800000 1 1218
148900000 0 1212
149000000 1 1207
149100000 0 1200
149200000 1 1182
149300000 2 1178
149400000 0 1169
149500000 0 1169
149600000 1 1161
149700000 0 1157
149800000 1 1150
149900000 0 1157
150000000 1 1167
150100000 3 1170
150200000 0 1172
150300000 0 1178
150400000 0 1187
150500000 0 1171
150600000 0 1173
150700000 0 1171
150800000 1 1169
150900000 0 1165
151000000 0 1155
151100000 1 1156
151200000 0 1156
151300000 0 1161
151400000 0 1133
151500000 2 1114
151600000 0 1100
151700000 0 1098
151800000 2 1093
151900000 0 1069
152000000 2 1050
152100000 2 1017
152200000 1 1000
152300000 3 988
152400000 0 978
152500000 1 975
152600000 2 974
152700000 1 970
152800000 2 972
152900000 1 977
153000000 2 956
153100000 2 944
153200000 3 936
153300000 1 927
153400000 1 916
153500000 1 923
153600000 0 918
153700000 0 915
153800000 2 912
153900000 0 906
154000000 1 913
154100000 0 918
154200000 0 923
154300000 1 928
154400000 1 932
154500000 1 920
154600000 2 927
154700000 0 924
154800000 0 928
154900000 0 927
155000000 0 907
155100000 1 877
155200000 1 869
155300000 1 859
155400000 0 854
155500000 1 849
155600000 2 840
155700000 1 840
155800000 2 834
155900000 1 830
156000000 0 829
156100000 0 810
156200000 1 794
156300000 1 788
156400000 1 797
156500000 1 797
156600000 0 800
156700000 1 798
156800000 0 797
156900000 1 792
157000000 0 786
157100000 1 787
157200000 0 791
157300000 0 778
157400000 1 772
157500000 0 768
157600000 1 765
157700000 0 755
157800000 2 751
157900000 2 740
158000000 0 740
158100000 1 735
158200000 0 720
158300000 0 710
158400000 1 703
158500000 0 685
158600000 3 659
158700000 1 638
158800000 1 635
158900000 3 623
159000000 0 618
159100000 2 618
159200000 1 613
159300000 0 613
159400000 1 593
159500000 0 584
159600000 0 569
159700000 2 565
159800000 2 563
159900000 0 557
160000000 2 547
160100000 0 538
160200000 1 529
160300000 1 534
160400000 1 530
160500000 0 519
160600000 1 513
160700000 3 501
160800000 2 497
160900000 2 488
161000000 0 468
161100000 2 475
161200000 1 485
161300000 1 469
161400000 2 462
161500000 0 465
161600000 0 452
161700000 4 455
161800000 3 459
161900000 1 454
162000000 3 442
162100000 4 451
162200000 3 432
162300000 2 425
162400000 6 400
162500000 0 381
162600000 0 378
162700000 2 373
162800000 4 366
162900000 3 365
163000000 3 363
163100000 2 364
163200000 2 361
163300000 1 354
163400000 4 354
163500000 2 349
163600000 2 350
163700000 4 326
163800000 2 303
163900000 4 297
164000000 3 294
164100000 4 276
164200000 6 284
164300000 2 277
164400000 4 271
164500000 0 267
164600000 2 270
164700000 0 283
164800000 0 296
164900000 1 307
165000000 2 308
165100000 1 310
165200000 0 318
165300000 0 327
165400000 0 329
165500000 0 333
165600000 2 342
165700000 3 345
165800000 1 351
165900000 1 340
166000000 4 330
166100000 1 322
166200000 3 327
166300000 3 326
166400000 0 321
166500000 2 318
166600000 1 324
166700000 0 309
166800000 1 303
166900000 1 294
167000000 2 287
167100000 4 280
167200000 0 268
167300000 5 260
167400000 2 252
167500000 1 247
167600000 5 246
167700000 2 240
167800000 1 255
167900000 1 262
168000000 1 270
168100000 3 272
168200000 2 265
168300000 2 265
168400000 2 259
168500000 4 249
168600000 0 245
168700000 2 243
168800000 2 247
168900000 1 252
169000000 2 250
169100000 1 243
169200000 7 241
169300000 4 232
169400000 2 239
169500000 1 238
169600000 2 244
169700000 0 241
169800000 0 243
169900000 1 248
170000000 4 252
170100000 6 250
170200000 1 237
170300000 2 247
170400000 1 248
170500000 0 255
170600000 0 260
170700000 1 266
170800000 2 270
170900000 0 273
171000000 1 278
171100000 0 270
171200000 5 266
171300000 6 261
171400000 7 246
171500000 7 232
171600000 9 221
171700000 9 195
171800000 5 180
171900000 2 173
172000000 6 168
172100000 9 160
172200000 14 141
172300000 13 117
172400000 7 101
172500000 5 105
172600000 8 106
172700000 7 108
172800000 1 114
172900000 6 124
173000000 0 127
173100000 4 138
173200000 6 135
173300000 4 126
173400000 2 137
173500000 3 144
173600000 2 154
173700000 1 157
173800000 2 162
173900000 2 168
174000000 0 173
174100000 1 175
174200000 3 171
174300000 7 153
174400000 3 155
174500000 5 158
174600000 9 149
174700000 7 124
174800000 13 120
174900000 4 102
175000000 3 110
175100000 7 109
175200000 6 109
175300000 10 106
175400000 9 93
175500000 10 88
175600000 6 88
175700000 5 85
175800000 4 99
175900000 6 109
176000000 2 108
176100000 9 100
176200000 4 98
176300000 2 105
176400000 0 115
176500000 3 127
176600000 7 130
176700000 4 128
176800000 4 118
176900000 3 118
177000000 3 117
177100000 4 110
177200000 7 109
177300000 5 103
177400000 2 105
177500000 8 107
177600000 3 107
177700000 2 115
177800000 5 120
177900000 7 115
178000000 9 102
178100000 5 89
178200000 8 94
178300000 8 91
178400000 6 88
178500000 9 93
178600000 7 88
178700000 10 81
178800000 8 76
178900000 6 80
179000000 9 81
179100000 9 77
179200000 8 77
179300000 8 71
179400000 9 80
179500000 5 82
179600000 3 87
179700000 6 94
179800000 4 93
179900000 13 91
180000000 20 68
180100000 11 52
180200000 16 53
180300000 13 56
180400000 4 60
180500000 5 66
180600000 11 66
180700000 13 71
180800000 8 63
180900000 8 61
181000000 5 61
181100000 11 59
181200000 9 61
181300000 10 61
181400000 16 69
181500000 10 60
181600000 11 66
181700000 11 73
181800000 10 64
181900000 15 62
182000000 12 65
182100000 10 62
182200000 16 63
182300000 19 56
182400000 14 43
182500000 19 40
182600000 19 32
182700000 19 36
182800000 13 42
182900000 20 44
183000000 20 31
183100000 19 26
183200000 23 25
183300000 38 29
183400000 59 21
183500000 72 12
183600000 88 8
183700000 116 8
183800000 125 2
183900000 128 4
184000000 128 5
184100000 148 6
184200000 151 2
184300000 178 3
184400000 213 8
184500000 252 1
184600000 293 6
184700000 340 4
184800000 378 1
184900000 426 2
185000000 472 0
185100000 525 0
185200000 583 0
185300000 609 1
185400000 681 4
185500000 754 1
185600000 789 0
185700000 831 1
185800000 848 0
185900000 905 3
186000000 922 0
186100000 981 2
186200000 1037 2
186300000 1041 2
186400000 1048 0
186500000 1056 1
186600000 1083 1
186700000 1118 0
186800000 1155 0
186900000 1153 0
187000000 1194 0
187100000 1226 0
187200000 1244 1
187300000 1278 1
187400000 1300 1
187500000 1302 0
187600000 1312 3
187700000 1302 1
187800000 1319 2
187900000 1336 2
188000000 1358 1
188100000 1340 0
188200000 1366 1
188300000 1394 1
188400000 1416 1
188500000 1438 3
188600000 1428 0
188700000 1400 1
188800000 1398 1
188900000 1399 3
189000000 1397 1
189100000 1415 3
189200000 1389 0
189300000 1420 0
189400000 1417 1
189500000 1419 2
189600000 1382 3
189700000 1367 0
189800000 1365 1
189900000 1356 1
190000000 1321 1
190100000 1314 3
190200000 1244 0
190300000 1220 1
190400000 1192 1
190500000 1138 1
190600000 1125 2
190700000 1101 3
190800000 1080 2
190900000 1046 2
191000000 1006 3
191100000 1026 3
191200000 1015 0
191300000 998 4
191400000 988 1
191500000 934 4
191600000 888 2
191700000 859 4
191800000 838 3
191900000 791 6
192000000 754 6
192100000 752 1
192200000 718 7
192300000 708 7
192400000 714 1
192500000 693 2
192600000 668 7
192700000 649 4
192800000 621 6
192900000 604 6
193000000 603 3
193100000 590 8
193200000 541 6
193300000 500 8
193400000 474 7
193500000 473 7
193600000 459 8
193700000 441 11
193800000 422 4
193900000 385 8
194000000 365 12
194100000 340 11
194200000 327 15
194300000 324 6
194400000 329 15
194500000 307 10
194600000 290 9
194700000 236 8
194800000 205 22
194900000 200 18
195000000 183 19
195100000 149 22
195200000 104 33
195300000 49 57
195400000 37 81
195500000 20 97
195600000 13 116
195700000 12 175
195800000 11 211
195900000 2 264
196000000 1 314
196100000 1 367
196200000 2 420
196300000 3 454
196400000 3 493
196500000 7 496
196600000 4 502
196700000 0 526
196800000 1 560
196900000 0 598
197000000 3 643
197100000 0 679
197200000 0 730
197300000 2 755
197400000 1 775
197500000 0 811
197600000 0 811
197700000 1 819
197800000 3 821
197900000 1 829
198000000 0 846
198100000 0 851
198200000 2 880
198300000 0 888
198400000 1 924
198500000 0 948
198600000 0 955
198700000 3 966
198800000 0 974
198900000 1 982
199000000 1 978
199100000 0 970
199200000 0 987
199300000 1 1000
199400000 0 1009
199500000 0 1022
199600000 2 1023
199700000 0 1026
199800000 0 1029
199900000 0 1049
200000000 1 1063
200100000 1 1061
200200000 0 1078
200300000 0 1082
200400000 0 1097
200500000 1 1093
200600000 0 1097
200700000 1 1101
200800000 0 1094
200900000 1 1101
201000000 0 1100
201100000 2 1099
201200000 0 1088
201300000 0 1086
201400000 0 1101
201500000 1 1096
201600000 0 1091
201700000 0 1083
201800000 0 1083
201900000 0 1077
202000000 0 1076
202100000 0 1071
202200000 0 1066
202300000 0 1063
202400000 0 1049
202500000 1 1055
202600000 1 1056
202700000 0 1059
202800000 1 1048
202900000 1 1037
203000000 0 1016
203100000 0 1006
203200000 1 1001
203300000 0 1001
203400000 1 997
203500000 0 989
203600000 1 979
203700000 4 972
203800000 0 958
203900000 1 946
204000000 1 949
204100000 1 936
204200000 1 907
204300000 0 893
204400000 0 888
204500000 0 889
204600000 0 893
204700000 0 884
204800000 1 876
204900000 1 861
205000000 6 796
205100000 1 768
205200000 3 751
205300000 2 730
205400000 0 731
205500000 3 725
205600000 2 720
205700000 0 727
205800000 0 726
205900000 4 724
206000000 0 708
206100000 2 703
206200000 0 696
206300000 0 692
206400000 3 692
206500000 0 687
206600000 4 684
206700000 2 656
206800000 0 656
206900000 0 664
207000000 2 666
207100000 0 669
207200000 0 674
207300000 0 671
207400000 0 679
207500000 1 693
207600000 0 695
207700000 0 682
207800000 0 681
207900000 1 671
208000000 0 669
208100000 0 667
208200000 0 670
208300000 0 667
208400000 1 661
208500000 2 666
208600000 0 658
208700000 0 662
208800000 0 666
208900000 4 659
209000000 3 641
209100000 1 625
209200000 5 622
209300000 0 613
209400000 0 599
209500000 0 581
209600000 2 583
209700000 0 579
209800000 1 574
209900000 3 568
210000000 0 569
210100000 1 568
210200000 1 571
210300000 0 576
210400000 1 587
210500000 0 591
210600000 1 580
210700000 3 573
210800000 1 554
210900000 0 555
211000000 0 559
211100000 0 556
211200000 1 564
211300000 0 563
211400000 3 564
211500000 2 559
211600000 0 550
211700000 0 552
211800000 1 547
211900000 3 543
212000000 3 527
212100000 3 510
212200000 0 498
212300000 1 493
212400000 0 493
212500000 0 486
212600000 2 471
212700000 3 456
212800000 1 448
212900000 1 443
213000000 1 442
213100000 1 428
213200000 5 419
213300000 1 420
213400000 1 415
213500000 0 416
213600000 1 433
213700000 4 427
213800000 1 414
213900000 5 400
214000000 0 378
214100000 2 371
214200000 1 378
214300000 0 371
214400000 2 376
214500000 0 375
214600000 0 380
214700000 0 385
214800000 2 397
214900000 1 389
215000000 3 376
215100000 4 335
215200000 8 290
215300000 9 264
215400000 5 250
215500000 3 231
215600000 5 226
215700000 0 221
215800000 3 214
215900000 3 226
216000000 4 219
216100000 7 225
216200000 5 212
216300000 4 219
216400000 2 222
216500000 3 226
216600000 8 237
216700000 3 236
216800000 2 248
216900000 0 266
217000000 0 276
217100000 1 286
217200000 0 305
217300000 3 305
217400000 0 306
217500000 2 306
217600000 1 298
217700000 1 279
217800000 0 285
217900000 2 286
218000000 1 285
218100000 1 293
218200000 1 299
218300000 2 290
218400000 1 283
218500000 1 285
218600000 2 270
218700000 2 273
218800000 0 276
218900000 1 283
219000000 1 286
219100000 1 283
219200000 1 288
219300000 0 290
219400000 2 290
219500000 0 296
219600000 1 294
219700000 3 291
219800000 4 290
219900000 0 279
220000000 1 271
220100000 0 264
220200000 3 267
220300000 0 275
220400000 2 279
220500000 0 282
220600000 0 286
220700000 3 284
220800000 5 275
220900000 8 254
221000000 2 219
221100000 4 211
221200000 11 202
221300000 4 189
221400000 1 204
221500000 3 207
221600000 2 214
221700000 7 217
221800000 9 208
221900000 3 190
222000000 5 183
222100000 5 172
222200000 2 177
222300000 3 186
222400000 8 184
222500000 6 169
222600000 4 172
222700000 5 154
222800000 2 146
222900000 5 140
223000000 3 132
223100000 3 135
223200000 5 144
223300000 11 140
223400000 5 142
223500000 6 137
223600000 4 135
223700000 0 140
223800000 1 143
223900000 11 152
224000000 3 146
224100000 5 151
224200000 10 142
224300000 6 135
224400000 13 120
224500000 27 86
224600000 51 55
224700000 56 31
224800000 68 13
224900000 84 9
225000000 96 8
225100000 114 16
225200000 124 10
225300000 152 7
225400000 157 2
225500000 161 5
225600000 176 11
225700000 162 6
225800000 164 6
225900000 161 3
226000000 181 5
226100000 202 7
226200000 244 3
226300000 269 2
226400000 306 0
226500000 360 5
226600000 381 4
226700000 398 1
226800000 427 3
226900000 468 0
227000000 514 3
227100000 553 2
227200000 575 3
227300000 610 2
227400000 658 3
227500000 690 1
227600000 698 2
227700000 689 2
227800000 678 3
227900000 676 0
228000000 701 3
228100000 719 4
228200000 727 0
228300000 748 3
228400000 786 1
228500000 830 5
228600000 888 3
228700000 934 1
228800000 955 1
228900000 945 1
229000000 965 0
229100000 955 0
229200000 961 3
229300000 975 1
229400000 983 1
229500000 991 0
229600000 1025 0
229700000 1037 1
229800000 1058 3
229900000 1046 2
230000000 1061 1
230100000 1112 2
230200000 1156 0
230300000 1175 1
230400000 1174 4
230500000 1174 1
230600000 1171 2
230700000 1183 1
230800000 1186 1
230900000 1223 1
231000000 1218 0
231100000 1227 0
231200000 1209 4
231300000 1219 0
231400000 1246 2
231500000 1251 3
231600000 1226 3
231700000 1192 3
231800000 1121 3
231900000 1107 1
232000000 1071 1
232100000 1017 3
232200000 980 0
232300000 953 3
232400000 948 5
232500000 938 2
232600000 910 4
232700000 904 2
232800000 896 5
232900000 901 4
233000000 928 2
233100000 946 1
233200000 941 6
233300000 917 2
233400000 917 5
233500000 939 2
233600000 961 4
233700000 961 1
233800000 964 3
233900000 964 3
234000000 944 3
234100000 935 3
234200000 912 2
234300000 894 4
234400000 894 6
234500000 879 4
234600000 858 4
234700000 872 3
234800000 868 3
234900000 840 2
235000000 776 6
235100000 721 7
235200000 707 5
235300000 678 5
235400000 674 5
235500000 654 4
235600000 647 3
235700000 648 8
235800000 606 6
235900000 572 4
236000000 514 11
236100000 464 11
236200000 429 8
236300000 382 13
236400000 323 14
236500000 279 14
236600000 226 23
236700000 170 17
236800000 127 27
236900000 98 36
237000000 76 45
237100000 66 45
237200000 48 60
237300000 29 90
237400000 18 146
237500000 11 171
237600000 9 218
237700000 3 278
237800000 4 316
237900000 3 353
238000000 1 402
238100000 0 467
238200000 2 518
238300000 2 577
238400000 0 616
238500000 6 640
238600000 3 671
238700000 1 696
238800000 2 734
238900000 1 783
239000000 0 834
239100000 1 868
239200000 1 891
239300000 0 925
239400000 0 944
239500000 0 976
239600000 0 1000
239700000 0 1032
239800000 0 1060
239900000 0 1091
240000000 1 1099
240100000 0 1118
240200000 0 1124
240300000 0 1144
240400000 0 1142
240500000 1 1147
240600000 1 1143
240700000 0 1147
240800000 0 1151
240900000 0 1153
241000000 2 1173
241100000 0 1179
241200000 3 1168
241300000 0 1157
241400000 1 1163
241500000 2 1167
241600000 2 1166
241700000 0 1162
241800000 0 1159
241900000 1 1171
242000000 2 1168
242100000 0 1160
242200000 1 1134
242300000 0 1119
242400000 0 1099
242500000 0 1108
242600000 0 1114
242700000 1 1116
242800000 0 1121
242900000 1 1111
243000000 0 1115
243100000 0 1115
243200000 1 1106
243300000 0 1098
243400000 0 1081
243500000 1 1072
243600000 0 1079
243700000 0 1087
243800000 0 1087
243900000 0 1090
244000000 0 1091
244100000 0 1099
244200000 0 1097
244300000 1 1098
244400000 1 1076
244500000 1 1057
244600000 0 1046
244700000 0 1054
244800000 0 1042
244900000 0 1046
245000000 1 1042
245100000 1 1047
245200000 0 1041
245300000 1 1034
245400000 0 1031
245500000 0 1023
245600000 0 1013
245700000 1 1021
245800000 0 1009
245900000 0 1001
246000000 1 990
246100000 2 976
246200000 0 956
246300000 1 944
246400000 1 936
246500000 0 932
246600000 0 923
246700000 3 911
246800000 0 894
246900000 0 877
247000000 0 870
247100000 0 858
247200000 2 855
247300000 0 834
247400000 2 813
247500000 1 785
247600000 2 764
247700000 1 765
247800000 0 758
247900000 0 750
248000000 0 737
248100000 1 730
248200000 0 722
248300000 0 717
248400000 1 718
248500000 1 702
248600000 1 695
248700000 1 703
248800000 0 705
248900000 0 696
249000000 2 667
249100000 1 648
249200000 1 649
249300000 0 638
249400000 1 607
249500000 0 591
249600000 0 579
249700000 0 574
249800000 1 572
249900000 0 571
250000000 0 566
250100000 2 558
250200000 1 556
250300000 1 552
250400000 0 565
250500000 0 548
250600000 0 566
250700000 0 581
250800000 1 579
250900000 1 579
251000000 3 570
251100000 2 562
251200000 3 545
251300000 3 517
251400000 1 513
251500000 0 515
251600000 1 525
251700000 0 514
251800000 0 525
251900000 2 531
252000000 2 529
252100000 2 514
252200000 0 512
252300000 4 507
252400000 1 488
252500000 3 482
252600000 0 459
252700000 3 442
252800000 1 430
252900000 1 431
253000000 1 431
253100000 4 422
253200000 1 421
253300000 0 416
253400000 2 415
253500000 6 409
253600000 4 389
253700000 3 382
253800000 0 382
253900000 2 387
254000000 2 387
254100000 3 393
254200000 0 396
254300000 1 399
254400000 1 378
254500000 3 371
254600000 2 358
254700000 4 334
254800000 1 324
254900000 3 322
255000000 0 307
255100000 2 316
255200000 1 324
255300000 1 320
255400000 1 320
255500000 0 326
255600000 2 312
255700000 2 305
255800000 3 302
255900000 1 302
256000000 0 302
256100000 5 297
256200000 3 290
256300000 4 284
256400000 3 280
256500000 1 274
256600000 1 276
256700000 1 277
256800000 4 278
256900000 5 287
257000000 2 282
257100000 3 276
257200000 4 274
257300000 3 271
257400000 0 275
257500000 3 288
257600000 1 285
257700000 0 291
257800000 1 306
257900000 1 307
258000000 1 305
258100000 0 307
258200000 1 313
258300000 3 317
258400000 1 308
258500000 2 313
258600000 1 316
258700000 0 315
258800000 3 320
258900000 1 319
259000000 2 315
259100000 1 293
259200000 4 287
259300000 4 268
259400000 1 246
259500000 2 247
259600000 4 242
259700000 5 238
259800000 2 242
259900000 1 237
260000000 1 239
260100000 3 236
260200000 1 239
260300000 3 237
260400000 4 234
260500000 6 227
260600000 8 203
260700000 2 193
260800000 9 188
260900000 8 188
261000000 3 179
261100000 3 180
261200000 6 176
261300000 3 164
261400000 1 166
261500000 2 174
261600000 7 181
261700000 5 176
261800000 3 172
261900000 7 173
262000000 2 169
262100000 0 179
262200000 1 187
262300000 4 195
262400000 6 179
262500000 23 148
262600000 19 102
262700000 16 82
262800000 15 65
262900000 21 63
263000000 15 64
263100000 23 67
263200000 30 57
263300000 41 46
263400000 36 26
263500000 31 30
263600000 43 24
263700000 55 20
263800000 64 16
263900000 95 19
264000000 81 10
264100000 80 9
264200000 102 11
264300000 115 8
264400000 140 10
264500000 146 8
264600000 147 7
264700000 163 7
264800000 177 7
264900000 204 3
265000000 236 4
265100000 236 5
265200000 284 7
265300000 320 4
265400000 316 5
265500000 309 4
265600000 328 2
265700000 334 2
265800000 328 3
265900000 351 2
266000000 372 3
266100000 418 2
266200000 463 3
266300000 537 5
266400000 591 1
266500000 639 2
266600000 684 1
266700000 691 4
266800000 701 1
266900000 763 2
267000000 801 0
267100000 877 3
267200000 912 1
267300000 960 0
267400000 977 2
267500000 987 0
267600000 1023 1
267700000 1059 0
267800000 1081 0
267900000 1117 1
268000000 1140 2
268100000 1131 1
268200000 1157 1
268300000 1152 1
268400000 1138 0
268500000 1151 2
268600000 1129 2
268700000 1113 1
268800000 1112 3
268900000 1102 1
269000000 1069 1
269100000 1037 0
269200000 1017 0
269300000 1029 2
269400000 1011 2
269500000 1004 1
269600000 1012 2
269700000 1016 3
269800000 1032 4
269900000 1037 2
270000000 1021 0
270100000 1003 2
270200000 1019 2
270300000 991 1
270400000 973 2
270500000 978 2
270600000 966 5
270700000 962 1
270800000 985 4
270900000 981 0
271000000 994 3
271100000 1009 1
271200000 999 0
271300000 1014 1
271400000 1023 2
271500000 1023 3
271600000 1050 2
271700000 1041 0
271800000 1025 6
271900000 990 2
272000000 973 1
272100000 949 1
272200000 939 4
272300000 915 4
272400000 883 2
272500000 837 5
272600000 835 1
272700000 806 1
272800000 798 6
272900000 799 3
273000000 810 2
273100000 821 2
273200000 815 5
273300000 814 4
273400000 781 6
273500000 783 1
273600000 825 2
273700000 789 1
273800000 746 4
273900000 754 2
274000000 773 1
274100000 781 3
274200000 791 3
274300000 778 3
274400000 786 6
274500000 782 8
274600000 714 1
274700000 678 4
274800000 663 7
274900000 656 7
275000000 600 9
275100000 578 0
275200000 554 2
275300000 533 6
275400000 512 5
275500000 513 5
275600000 469 12
275700000 448 14
275800000 412 11
275900000 403 10
276000000 405 13
276100000 398 18
276200000 344 19
276300000 327 6
276400000 282 18
276500000 244 12
276600000 209 13
276700000 157 23
276800000 113 26
276900000 70 44
277000000 30 84
277100000 9 135
277200000 3 208
277300000 0 294
277400000 2 373
277500000 0 447
277600000 3 507
277700000 0 558
277800000 0 611
277900000 1 646
278000000 0 687
278100000 0 716
278200000 2 740
278300000 1 764
278400000 0 806
278500000 0 840
278600000 4 853
278700000 1 874
278800000 2 880
278900000 0 914
279000000 0 947
279100000 0 988
279200000 0 1019
279300000 0 1049
279400000 1 1061
279500000 0 1074
279600000 0 1085
279700000 0 1084
279800000 0 1105
279900000 0 1114
280000000 1 1118
280100000 1 1125
280200000 0 1133
280300000 1 1153
280400000 0 1177
280500000 0 1175
280600000 0 1164
280700000 0 1165
280800000 2 1130
280900000 2 1104
281000000 1 1105
281100000 2 1099
281200000 0 1115
281300000 1 1107
281400000 1 1103
281500000 0 1120
281600000 0 1135
281700000 0 1143
281800000 0 1146
281900000 1 1153
282000000 0 1145
282100000 1 1154
282200000 0 1165
282300000 0 1163
282400000 4 1170
282500000 1 1164
282600000 1 1149
282700000 0 1149
282800000 3 1128
282900000 2 1105
283000000 0 1087
283100000 1 1073
283200000 3 1070
283300000 1 1065
283400000 2 1070
283500000 0 1074
283600000 1 1063
283700000 0 1073
283800000 0 1074
283900000 1 1081
284000000 0 1073
284100000 0 1075
284200000 0 1068
284300000 0 1069
284400000 0 1067
284500000 0 1069
284600000 1 1056
284700000 0 1037
284800000 2 1046
284900000 2 1033
285000000 1 1033
285100000 0 1027
285200000 0 1015
285300000 0 1010
285400000 1 1014
285500000 0 1021
285600000 1 1017
285700000 1 1011
285800000 0 1009
285900000 0 995
286000000 1 993
286100000 0 981
286200000 4 959
286300000 4 904
286400000 5 864
286500000 1 845
286600000 2 829
286700000 3 813
286800000 0 794
286900000 2 784
287000000 0 786
287100000 1 782
287200000 0 788
287300000 0 809
287400000 0 811
287500000 2 801
287600000 0 788
287700000 0 767
287800000 2 757
287900000 0 740
288000000 1 749
288100000 0 756
288200000 0 752
288300000 0 750
288400000 2 751
288500000 1 746
288600000 3 740
288700000 1 728
288800000 0 721
288900000 0 722
289000000 0 730
289100000 0 724
289200000 0 734
289300000 0 733
289400000 0 722
289500000 3 702
289600000 1 693
289700000 1 695
289800000 0 693
289900000 2 694
290000000 2 701
290100000 0 701
290200000 1 702
290300000 1 691
290400000 0 700
290500000 1 700
290600000 2 708
290700000 0 693
290800000 1 685
290900000 1 697
291000000 2 691
291100000 0 678
291200000 0 670
291300000 0 665
291400000 1 671
291500000 0 670
291600000 1 670
291700000 2 656
291800000 0 656
291900000 0 655
292000000 2 641
292100000 3 628
292200000 1 627
292300000 0 627
292400000 0 626
292500000 1 623
292600000 0 620
292700000 0 616
292800000 1 617
292900000 1 624
293000000 0 627
293100000 0 629
293200000 0 632
293300000 0 630
293400000 0 626
293500000 0 619
293600000 0 620
293700000 1 603
293800000 0 582
293900000 0 561
294000000 5 546
294100000 4 507
294200000 5 475
294300000 3 453
294400000 2 443
294500000 2 425
294600000 2 422
294700000 1 419
294800000 0 415
294900000 0 408
295000000 2 404
295100000 2 404
295200000 2 389
295300000 2 387
295400000 2 380
295500000 1 382
295600000 2 380
295700000 1 385
295800000 1 394
295900000 0 392
296000000 0 391
296100000 1 398
296200000 2 397
296300000 0 403
296400000 0 405
296500000 0 414
296600000 1 415
296700000 0 423
296800000 2 440
296900000 2 447
297000000 2 451
297100000 0 448
297200000 3 454
297300000 0 447
297400000 2 441
297500000 1 443
297600000 0 442
297700000 0 440
297800000 0 448
297900000 0 441
298000000 1 432
298100000 1 429
298200000 0 429
298300000 0 423
298400000 1 415
298500000 3 410
298600000 2 399
298700000 1 387
298800000 0 384
298900000 0 391
299000000 0 387
299100000 1 388
299200000 0 388
299300000 4 368
299400000 3 343
299500000 1 337
299600000 1 334
299700000 0 323
299800000 1 310
299900000 4 295
300000000 1 294
300100000 1 297
300200000 0 302
300300000 0 306
300400000 4 301
300500000 4 274
300600000 7 246
300700000 3 239
300800000 2 232
300900000 7 224
301000000 2 216
301100000 10 201
301200000 7 190
301300000 9 181
301400000 2 180
301500000 6 166
301600000 4 159
301700000 5 163
301800000 6 164
301900000 7 168
302000000 3 170
302100000 2 170
302200000 2 176
302300000 1 181
302400000 2 186
302500000 5 190
302600000 0 182
302700000 2 190
302800000 4 194
302900000 2 197
303000000 0 216
303100000 1 228
303200000 2 240
303300000 2 237
303400000 4 237
303500000 5 222
303600000 0 224
303700000 0 222
303800000 5 215
303900000 4 211
304000000 2 199
304100000 3 206
304200000 4 204
304300000 3 201
304400000 5 202
304500000 4 193
304600000 6 197
304700000 4 182
304800000 8 164
304900000 2 156
305000000 6 150
305100000 1 140
305200000 3 150
305300000 1 158
305400000 2 166
305500000 2 173
305600000 4 184
305700000 13 179
305800000 6 154
305900000 5 138
306000000 4 139
306100000 1 144
306200000 0 152
306300000 0 165
306400000 1 166
306500000 2 173
306600000 2 186
306700000 2 192
306800000 1 197
306900000 2 197
307000000 2 201
307100000 1 208
307200000 2 215
307300000 1 222
307400000 3 221
307500000 2 215
307600000 5 203
307700000 8 185
307800000 4 166
307900000 2 159
308000000 2 152
308100000 4 151
308200000 9 135
308300000 10 120
308400000 4 119
308500000 5 112
308600000 5 114
308700000 6 114
308800000 1 112
308900000 6 123
309000000 7 118
309100000 5 115
309200000 2 118
309300000 3 125
309400000 6 135
309500000 4 132
309600000 5 138
309700000 3 139
309800000 2 144
309900000 1 155
310000000 5 146
310100000 7 141
310200000 3 146
310300000 3 145
310400000 3 146
310500000 4 151
310600000 6 145
310700000 7 128
310800000 7 119
310900000 11 124
311000000 8 122
311100000 6 119
311200000 2 119
311300000 7 111
311400000 2 114
311500000 2 130
311600000 7 128
311700000 4 107
311800000 3 107
311900000 6 106
312000000 8 104
312100000 10 106
312200000 4 109
312300000 6 119
312400000 2 116
312500000 8 114
312600000 9 116
312700000 2 107
312800000 4 109
312900000 0 117
313000000 4 128
313100000 6 121
313200000 4 120
313300000 5 122
313400000 2 119
313500000 3 118
313600000 0 121
313700000 5 122
313800000 3 124
313900000 3 125
314000000 4 129
314100000 2 130
314200000 5 136
314300000 3 134
314400000 9 129
314500000 5 118
314600000 6 121
314700000 9 103
314800000 4 101
314900000 3 98
315000000 2 97
315100000 8 93
315200000 9 84
315300000 15 68
315400000 13 46
315500000 36 41
315600000 34 35
315700000 30 32
315800000 36 23
315900000 48 21
316000000 100 13
316100000 140 9
316200000 168 8
316300000 220 2
316400000 303 3
316500000 378 2
316600000 477 3
316700000 548 1
316800000 586 4
316900000 669 5
317000000 700 3
317100000 712 1
317200000 757 1
317300000 809 2
317400000 829 2
317500000 855 1
317600000 844 0
317700000 888 0
317800000 937 2
317900000 930 2
318000000 988 0
318100000 1007 1
318200000 1029 3
318300000 1055 0
318400000 1076 1
318500000 1087 3
318600000 1096 0
318700000 1142 0
318800000 1149 1
318900000 1102 1
319000000 1096 0
319100000 1110 1
319200000 1106 2
319300000 1080 2
319400000 1060 2
319500000 1053 3
319600000 1038 5
319700000 1034 4
319800000 1038 0
319900000 1034 3
320000000 1077 3
320100000 1088 0
320200000 1064 2
320300000 1033 5
320400000 1024 4
320500000 1025 2
320600000 1040 2
320700000 1033 2
320800000 1023 1
320900000 1014 2
321000000 1011 2
321100000 1012 0
321200000 1017 3
321300000 1038 2
321400000 1065 3
321500000 1057 1
321600000 1064 5
321700000 1044 4
321800000 1016 2
321900000 1024 4
322000000 1038 0
322100000 1020 3
322200000 1030 0
322300000 1008 3
322400000 992 1
322500000 995 3
322600000 996 3
322700000 980 5
322800000 975 1
322900000 957 7
323000000 955 3
323100000 954 1
323200000 937 3
323300000 922 1
323400000 865 5
323500000 856 6
323600000 836 3
323700000 787 3
323800000 738 3
323900000 731 2
324000000 736 5
324100000 746 6
324200000 727 3
324300000 730 1
324400000 734 6
324500000 741 4
324600000 730 6
324700000 730 11
324800000 695 10
324900000 666 4
325000000 641 5
325100000 607 11
325200000 579 9
325300000 524 9
325400000 493 8
325500000 463 7
325600000 462 11
325700000 458 5
325800000 423 7
325900000 378 9
326000000 323 8
326100000 287 18
326200000 245 11
326300000 248 11
326400000 257 18
326500000 265 9
326600000 223 20
326700000 174 22
326800000 146 25
326900000 107 35
327000000 70 40
327100000 58 54
327200000 25 94
327300000 9 135
327400000 7 210
327500000 3 292
327600000 2 383
327700000 1 456
327800000 3 525
327900000 1 548
328000000 1 581
328100000 1 619
328200000 0 670
328300000 0 718
328400000 1 765
328500000 2 799
328600000 0 836
328700000 0 883
328800000 0 922
328900000 0 949
329000000 0 983
329100000 0 1031
329200000 0 1059
329300000 1 1086
329400000 0 1121
329500000 0 1148
329600000 0 1188
329700000 0 1220
329800000 0 1252
329900000 0 1267
330000000 0 1274
330100000 0 1276
330200000 1 1277
330300000 3 1273
330400000 0 1267
330500000 1 1264
330600000 2 1259
330700000 0 1256
330800000 1 1267
330900000 0 1267
331000000 1 1263
331100000 0 1249
331200000 2 1230
331300000 0 1222
331400000 0 1214
331500000 1 1209
331600000 0 1205
331700000 0 1222
331800000 1 1232
331900000 1 1224
332000000 0 1236
332100000 0 1231
332200000 1 1232
332300000 2 1228
332400000 0 1213
332500000 0 1189
332600000 0 1191
332700000 3 1198
332800000 0 1192
332900000 1 1200
333000000 2 1210
333100000 1 1215
333200000 1 1224
333300000 0 1224
333400000 1 1219
333500000 0 1234
333600000 1 1235
333700000 1 1249
333800000 1 1242
333900000 0 1243
334000000 0 1244
334100000 2 1238
334200000 0 1236
334300000 1 1242
334400000 1 1243
334500000 0 1233
334600000 0 1190
334700000 1 1163
334800000 0 1156
334900000 0 1155
335000000 0 1148
335100000 0 1136
335200000 6 1108
335300000 1 1091
335400000 0 1082
335500000 0 1061
335600000 2 1033
335700000 1 1002
335800000 1 987
335900000 2 966
336000000 2 958
336100000 1 934
336200000 1 941
336300000 1 946
336400000 0 940
336500000 0 940
336600000 0 952
336700000 0 969
336800000 0 987
336900000 0 1002
337000000 0 1007
337100000 0 1009
337200000 0 1008
337300000 0 1007
337400000 1 993
337500000 0 989
337600000 1 972
337700000 2 950
337800000 0 930
337900000 0 927
338000000 0 921
338100000 0 927
338200000 1 920
338300000 0 910
338400000 1 901
338500000 0 899
338600000 1 895
338700000 0 882
338800000 1 868
338900000 1 852
339000000 0 847
339100000 0 844
339200000 0 838
339300000 0 835
339400000 1 831
339500000 2 825
339600000 2 822
339700000 5 801
339800000 3 784
339900000 2 766
340000000 1 761
340100000 1 767
340200000 0 763
340300000 0 755
340400000 1 756
340500000 1 752
340600000 1 750
340700000 0 739
340800000 0 729
340900000 3 718
341000000 3 709
341100000 0 696
341200000 2 681
341300000 1 671
341400000 4 660
341500000 0 653
341600000 0 653
341700000 0 659
341800000 0 671
341900000 2 667
342000000 0 660
342100000 0 656
342200000 1 643
342300000 1 634
342400000 0 624
342500000 1 613
342600000 1 606
342700000 2 607
342800000 0 606
342900000 1 612
343000000 1 615
343100000 0 617
343200000 1 613
343300000 2 598
343400000 0 591
343500000 1 591
343600000 1 603
343700000 0 615
343800000 0 616
343900000 0 617
344000000 0 618
344100000 1 612
344200000 1 604
344300000 2 596
344400000 0 587
344500000 0 584
344600000 1 585
344700000 0 583
344800000 2 575
344900000 3 568
345000000 5 562
345100000 3 554
345200000 0 549
345300000 1 546
345400000 2 551
345500000 1 527
345600000 1 531
345700000 3 533
345800000 2 529
345900000 3 519
346000000 3 507
346100000 0 504
346200000 0 507
346300000 2 513
346400000 0 510
346500000 0 510
346600000 0 512
346700000 1 519
346800000 0 522
346900000 1 531
347000000 0 527
347100000 1 528
347200000 0 524
347300000 1 512
347400000 2 502
347500000 7 495
347600000 0 487
347700000 3 486
347800000 1 466
347900000 4 462
348000000 0 440
348100000 2 419
348200000 5 388
348300000 1 390
348400000 4 390
348500000 0 391
348600000 1 377
348700000 0 362
348800000 7 355
348900000 1 331
349000000 5 326
349100000 0 318
349200000 4 327
349300000 2 325
349400000 2 329
349500000 6 312
349600000 6 258
349700000 4 220
349800000 6 207
349900000 7 185
350000000 9 174
350100000 7 169
350200000 12 156
350300000 3 154
350400000 1 160
350500000 1 175
350600000 1 194
350700000 1 205
350800000 2 215
350900000 0 216
351000000 4 225
351100000 2 230
351200000 2 238
351300000 4 236
351400000 4 226
351500000 8 215
351600000 2 207
351700000 14 196
351800000 11 160
351900000 9 142
352000000 4 137
352100000 2 142
352200000 9 144
352300000 4 137
352400000 8 134
352500000 5 139
352600000 1 157
352700000 3 161
352800000 1 167
352900000 0 172
353000000 1 181
353100000 2 191
353200000 5 186
353300000 5 181
353400000 4 183
353500000 3 187
353600000 0 201
353700000 0 216
353800000 3 220
353900000 1 230
354000000 2 228
354100000 3 243
354200000 4 243
354300000 2 245
354400000 0 241
354500000 1 246
354600000 2 251
354700000 1 251
354800000 2 256
354900000 2 253
355000000 0 252
355100000 0 252
355200000 1 250
355300000 0 246
355400000 1 245
355500000 5 232
355600000 2 218
355700000 1 216
355800000 3 223
355900000 1 231
356000000 1 227
356100000 2 227
356200000 1 227
356300000 3 228
356400000 0 230
356500000 2 225
356600000 2 226
356700000 6 218
356800000 3 211
356900000 1 200
357000000 1 206
357100000 2 203
357200000 2 201
357300000 1 204
357400000 4 204
357500000 0 206
357600000 0 215
357700000 3 215
357800000 1 214
357900000 1 210
358000000 5 201
358100000 1 199
358200000 1 193
358300000 3 195
358400000 0 197
358500000 2 200
358600000 2 202
358700000 2 203
358800000 1 204
358900000 4 202
359000000 3 197
359100000 4 196
359200000 5 193
359300000 1 189
359400000 0 197
359500000 7 189
359600000 3 179
359700000 4 165
359800000 1 164
359900000 3 168
360000000 1 177
360100000 1 181
360200000 2 182
360300000 2 185
360400000 4 184
360500000 5 181
360600000 3 180
360700000 1 172
360800000 3 170
360900000 2 166
361000000 2 162
361100000 3 156
361200000 6 148
361300000 10 133
361400000 13 113
361500000 20 90
361600000 15 64
361700000 16 59
361800000 24 51
361900000 21 49
362000000 14 50
362100000 9 55
362200000 12 57
362300000 12 52
362400000 12 56
362500000 6 66
362600000 7 71
362700000 8 80
362800000 8 79
362900000 9 80
363000000 10 89
363100000 13 86
363200000 3 77
363300000 7 85
363400000 14 82
363500000 9 75
363600000 7 76
363700000 9 74
363800000 10 81
363900000 2 79
364000000 4 79
364100000 5 87
364200000 6 83
364300000 7 92
364400000 10 86
364500000 6 88
364600000 7 86
364700000 3 90
364800000 3 101
364900000 4 110
365000000 2 117
365100000 4 118
365200000 3 120
365300000 5 118
365400000 3 122
365500000 5 123
365600000 6 125
365700000 8 123
365800000 6 110
365900000 6 109
366000000 5 102
366100000 3 110
366200000 1 117
366300000 2 116
366400000 1 125
366500000 3 126
366600000 3 124
366700000 4 126
366800000 5 128
366900000 5 117
367000000 10 103
367100000 6 99
367200000 8 91
367300000 13 86
367400000 14 86
367500000 9 79
367600000 4 81
367700000 7 90
367800000 8 89
367900000 6 79
368000000 7 77
368100000 5 76
368200000 9 78
368300000 35 57
368400000 56 28
368500000 89 9
368600000 107 8
368700000 115 2
368800000 141 8
368900000 149 2
369000000 174 5
369100000 178 2
369200000 162 5
369300000 154 3
369400000 157 5
369500000 183 1
369600000 222 1
369700000 268 2
369800000 316 2
369900000 380 3
370000000 421 0
370100000 490 0
370200000 559 2
370300000 573 4
370400000 593 2
370500000 629 0
370600000 656 3
370700000 688 0
370800000 752 1
370900000 763 2
371000000 771 0
371100000 794 0
371200000 810 0
371300000 848 1
371400000 864 2
371500000 875 4
371600000 910 2
371700000 944 3
371800000 980 0
371900000 987 1
372000000 1050 5
372100000 1094 0
372200000 1167 2
372300000 1186 0
372400000 1224 0
372500000 1201 0
372600000 1178 1
372700000 1183 2
372800000 1179 2
372900000 1179 1
373000000 1180 2
373100000 1169 1
373200000 1160 0
373300000 1184 0
373400000 1183 0
373500000 1193 2
373600000 1258 1
373700000 1310 0
373800000 1323 1
373900000 1348 2
374000000 1366 1
374100000 1368 1
374200000 1329 2
374300000 1276 5
374400000 1255 0
374500000 1217 3
374600000 1204 1
374700000 1223 1
374800000 1250 0
374900000 1270 1
375000000 1269 3
375100000 1281 2
375200000 1304 4
375300000 1284 1
375400000 1257 0
375500000 1251 1
375600000 1250 3
375700000 1280 2
375800000 1265 1
375900000 1260 1
376000000 1282 3
376100000 1283 3
376200000 1260 4
376300000 1236 2
376400000 1196 2
376500000 1197 2
376600000 1177 3
376700000 1178 2
376800000 1169 2
376900000 1192 2
377000000 1175 2
377100000 1163 1
377200000 1128 2
377300000 1128 4
377400000 1104 3
377500000 1084 1
377600000 1058 4
377700000 1033 2
377800000 1005 2
377900000 964 3
378000000 949 1
378100000 890 5
378200000 851 3
378300000 804 3
378400000 786 2
378500000 760 4
378600000 706 10
378700000 677 4
378800000 664 7
378900000 623 6
379000000 541 4
379100000 494 10
379200000 460 11
379300000 465 14
379400000 464 11
379500000 458 6
379600000 439 12
379700000 405 10
379800000 384 11
379900000 345 9
380000000 310 13
380100000 283 12
380200000 259 10
380300000 248 20
380400000 229 15
380500000 236 23
380600000 193 25
380700000 147 26
380800000 118 26
380900000 87 42
381000000 73 43
381100000 54 66
381200000 28 75
381300000 9 130
381400000 2 204
381500000 5 280
381600000 1 351
381700000 1 419
381800000 2 498
381900000 1 543
382000000 0 615
382100000 1 694
382200000 0 757
382300000 1 809
382400000 1 869
382500000 0 908
382600000 3 923
382700000 3 930
382800000 2 950
382900000 1 984
383000000 0 1009
383100000 1 1049
383200000 1 1084
383300000 0 1109
383400000 1 1123
383500000 0 1138
383600000 1 1159
383700000 0 1195
383800000 1 1198
383900000 1 1220
384000000 1 1233
384100000 0 1245
384200000 0 1250
384300000 0 1263
384400000 0 1285
384500000 0 1295
384600000 2 1308
384700000 0 1315
384800000 0 1313
384900000 0 1319
385000000 0 1346
385100000 2 1349
385200000 1 1349
385300000 0 1344
385400000 1 1356
385500000 0 1354
385600000 0 1363
385700000 0 1371
385800000 0 1359
385900000 0 1348
386000000 0 1351
386100000 1 1339
386200000 3 1317
386300000 0 1309
386400000 0 1293
386500000 1 1294
386600000 0 1292
386700000 0 1288
386800000 1 1286
386900000 0 1287
387000000 0 1282
387100000 0 1288
387200000 0 1274
387300000 0 1276
387400000 0 1271
387500000 1 1262
387600000 0 1255
387700000 0 1257
387800000 2 1249
387900000 1 1233
388000000 1 1214
388100000 0 1212
388200000 0 1207
388300000 0 1212
388400000 0 1204
388500000 0 1206
388600000 0 1204
388700000 2 1189
388800000 1 1181
388900000 2 1178
389000000 4 1142
389100000 1 1123
389200000 2 1109
389300000 0 1097
389400000 2 1101
389500000 1 1084
389600000 0 1078
389700000 1 1081
389800000 0 1077
389900000 0 1081
390000000 2 1059
390100000 3 1033
390200000 2 998
390300000 0 978
390400000 2 979
390500000 0 964
390600000 0 956
390700000 0 959
390800000 1 951
390900000 0 947
391000000 1 947
391100000 0 949
391200000 2 952
391300000 0 932
391400000 0 923
391500000 0 920
391600000 1 919
391700000 0 913
391800000 1 905
391900000 2 899
392000000 0 885
392100000 1 877
392200000 0 871
392300000 1 873
392400000 2 879
392500000 0 872
392600000 1 871
392700000 0 872
392800000 0 875
392900000 0 875
393000000 0 869
393100000 1 864
393200000 2 859
393300000 1 865
393400000 0 870
393500000 1 853
393600000 0 860
393700000 0 852
393800000 0 847
393900000 0 856
394000000 0 854
394100000 1 849
394200000 0 840
394300000 0 824
394400000 1 813
394500000 2 815
394600000 0 813
394700000 3 806
394800000 0 770
394900000 3 770
395000000 0 757
395100000 1 741
395200000 3 722
395300000 0 701
395400000 2 699
395500000 1 694
395600000 0 681
395700000 0 682
395800000 1 684
395900000 0 701
396000000 1 712
396100000 0 708
396200000 1 701
396300000 0 694
396400000 0 686
396500000 0 690
396600000 0 700
396700000 0 707
396800000 1 709
396900000 0 706
397000000 0 715
397100000 1 711
397200000 1 686
397300000 1 678
397400000 0 656
397500000 1 649
397600000 1 647
397700000 2 633
397800000 2 612
397900000 1 594
398000000 3 579
398100000 1 562
398200000 0 555
398300000 2 538
398400000 0 526
398500000 0 528
398600000 0 526
398700000 1 533
398800000 0 539
398900000 0 534
399000000 1 528
399100000 4 533
399200000 2 518
399300000 2 516
399400000 2 517
399500000 3 501
399600000 1 493
399700000 1 511
399800000 1 498
399900000 3 505
400000000 3 499
400100000 5 469
400200000 2 446
400300000 2 430
400400000 0 417
400500000 1 405
400600000 1 398
400700000 1 394
400800000 0 398
400900000 0 413
401000000 0 420
401100000 0 428
401200000 0 428
401300000 0 423
401400000 0 438
401500000 0 431
401600000 2 422
401700000 2 419
401800000 1 395
401900000 2 395
402000000 4 397
402100000 4 384
402200000 3 377
402300000 4 361
402400000 1 357
402500000 1 345
402600000 1 346
402700000 1 346
402800000 2 344
402900000 3 342
403000000 3 341
403100000 1 347
403200000 2 347
403300000 1 361
403400000 0 368
403500000 0 366
403600000 1 364
403700000 3 364
403800000 3 356
403900000 2 361
404000000 0 361
404100000 1 370
404200000 1 377
404300000 0 378
404400000 0 376
404500000 1 373
404600000 1 373
404700000 2 357
404800000 1 345
404900000 2 344
405000000 1 350
405100000 0 339
405200000 1 331
405300000 2 317
405400000 1 316
405500000 4 317
405600000 0 315
405700000 0 315
405800000 0 310
405900000 3 307
406000000 1 305
406100000 2 307
406200000 0 303
406300000 0 302
406400000 1 301
406500000 2 307
406600000 0 308
406700000 0 309
406800000 1 314
406900000 1 317
407000000 4 321
407100000 1 321
407200000 2 317
407300000 2 312
407400000 2 310
407500000 0 306
407600000 2 308
407700000 3 304
407800000 3 299
407900000 2 301
408000000 0 300
408100000 2 305
408200000 0 309
408300000 2 306
408400000 1 308
408500000 0 309
408600000 1 300
408700000 1 293
408800000 6 274
408900000 6 256
409000000 1 239
409100000 2 235
409200000 1 232
409300000 2 220
409400000 1 216
409500000 3 215
409600000 2 219
409700000 3 218
409800000 1 211
409900000 1 210
410000000 3 206
410100000 3 204
410200000 2 199
410300000 9 181
410400000 4 165
410500000 5 158
410600000 1 161
410700000 5 167
410800000 5 159
410900000 4 158
411000000 5 151
411100000 6 157
411200000 1 155
411300000 3 161
411400000 10 144
411500000 13 128
411600000 15 104
411700000 15 97
411800000 8 80
411900000 14 76
412000000 35 52
412100000 41 30
412200000 52 22
412300000 63 24
412400000 69 15
412500000 83 11
412600000 97 12
412700000 119 8
412800000 162 4
412900000 206 3
413000000 247 3
413100000 292 3
413200000 340 3
413300000 378 2
413400000 424 3
413500000 478 3
413600000 523 2
413700000 582 2
413800000 639 0
413900000 721 1
414000000 745 0
414100000 804 1
414200000 840 0
414300000 869 3
414400000 869 1
414500000 867 2
414600000 875 0
414700000 869 1
414800000 878 0
414900000 881 1
415000000 907 0
415100000 948 0
415200000 967 2
415300000 980 1
415400000 1003 1
415500000 1014 0
415600000 1009 1
415700000 1029 1
415800000 1062 1
415900000 1094 0
416000000 1122 0
416100000 1158 3
416200000 1166 0
416300000 1177 1
416400000 1211 2
416500000 1179 2
416600000 1186 3
416700000 1182 1
416800000 1168 2
416900000 1133 1
417000000 1118 0
417100000 1095 2
417200000 1081 1
417300000 1053 3
417400000 1022 1
417500000 1008 1
417600000 999 1
417700000 1010 4
417800000 1023 1
417900000 1020 1
418000000 1042 1
418100000 1045 2
418200000 1053 1
418300000 1070 5
418400000 1088 4
418500000 1121 4
418600000 1115 4
418700000 1063 0
418800000 1054 3
418900000 1072 1
419000000 1062 3
419100000 1057 3
419200000 1035 3
419300000 1038 2
419400000 1037 3
419500000 1031 4
419600000 1001 1
419700000 1017 2
419800000 1013 2
419900000 973 1
420000000 963 2
420100000 945 4
420200000 932 2
420300000 921 4
420400000 924 2
420500000 918 3
420600000 914 3
420700000 885 2
420800000 869 1
420900000 872 1
421000000 857 4
421100000 840 2
421200000 886 2
421300000 901 4
421400000 915 0
421500000 907 5
421600000 875 1
421700000 855 3
421800000 819 7
421900000 796 3
422000000 775 3
422100000 775 7
422200000 775 4
422300000 754 6
422400000 747 3
422500000 769 5
422600000 764 4
422700000 751 8
422800000 711 4
422900000 711 7
423000000 717 8
423100000 704 2
423200000 692 4
423300000 672 3
423400000 651 6
423500000 632 6
423600000 594 4
423700000 591 7
423800000 588 2
423900000 620 5
424000000 581 4
424100000 577 5
424200000 573 9
424300000 577 8
424400000 594 8
424500000 562 11
424600000 521 9
424700000 495 7
424800000 429 8
424900000 367 12
425000000 310 12
425100000 255 17
425200000 213 19
425300000 176 24
425400000 115 42
425500000 58 48
425600000 22 73
425700000 6 132
425800000 5 204
425900000 0 275
426000000 0 329
426100000 1 385
426200000 0 440
426300000 1 494
426400000 1 531
426500000 0 559
426600000 2 611
426700000 0 643
426800000 0 692
426900000 0 738
427000000 1 766
427100000 0 803
427200000 0 839
427300000 1 881
427400000 0 888
427500000 0 904
427600000 0 938
427700000 0 959
427800000 0 991
427900000 0 1007
428000000 0 1019
428100000 0 1028
428200000 2 1044
428300000 0 1060
428400000 0 1065
428500000 0 1077
428600000 0 1079
428700000 0 1082
428800000 0 1082
428900000 0 1103
429000000 0 1117
429100000 0 1137
429200000 0 1145
429300000 0 1155
429400000 0 1165
429500000 0 1167
429600000 0 1168
429700000 0 1161
429800000 2 1163
429900000 0 1155
430000000 1 1158
430100000 0 1149
430200000 2 1145
430300000 1 1146
430400000 2 1143
430500000 2 1143
430600000 0 1145
430700000 0 1141
430800000 1 1147
430900000 0 1153
431000000 0 1149
431100000 1 1147
431200000 0 1140
431300000 0 1131
431400000 0 1122
431500000 1 1130
431600000 0 1121
431700000 0 1130
431800000 1 1129
431900000 2 1114
432000000 0 1097
432100000 0 1086
432200000 0 1076
432300000 0 1067
432400000 0 1067
432500000 0 1049
432600000 1 1044
432700000 0 1026
432800000 0 1030
432900000 1 1026
433000000 0 1026
433100000 0 1021
433200000 0 1014
433300000 0 996
433400000 1 989
433500000 1 975
433600000 0 952
433700000 0 934
433800000 2 926
433900000 3 928
434000000 0 909
434100000 0 901
434200000 1 898
434300000 0 900
434400000 0 903
434500000 0 909
434600000 1 901
434700000 1 892
434800000 2 893
434900000 2 880
435000000 4 861
435100000 0 837
435200000 0 802
435300000 2 784
435400000 1 770
435500000 0 772
435600000 0 775
435700000 0 779
435800000 0 788
435900000 4 784
436000000 0 781
436100000 1 771
436200000 0 774
436300000 0 777
436400000 0 765
436500000 0 773
436600000 1 770
436700000 0 751
436800000 1 745
436900000 2 737
437000000 2 731
437100000 2 718
437200000 2 714
437300000 1 715
437400000 1 700
437500000 1 679
437600000 0 676
437700000 2 663
437800000 0 653
437900000 0 652
438000000 1 648
438100000 1 650
438200000 0 658
438300000 1 660
438400000 0 655
438500000 2 643
438600000 1 636
438700000 0 627
438800000 0 633
438900000 2 629
439000000 1 623
439100000 3 612
439200000 0 596
439300000 0 593
439400000 0 597
439500000 1 597
439600000 1 595
439700000 2 583
439800000 2 580
439900000 0 587
440000000 2 586
440100000 0 578
440200000 1 565
440300000 0 562
440400000 3 552
440500000 1 538
440600000 1 530
440700000 2 522
440800000 1 524
440900000 2 517
441000000 1 500
441100000 0 493
441200000 0 492
441300000 1 481
441400000 0 473
441500000 3 462
441600000 1 457
441700000 0 448
441800000 0 457
441900000 2 455
442000000 4 432
442100000 2 424
442200000 1 416
442300000 2 412
442400000 1 416
442500000 1 413
442600000 0 416
442700000 0 425
442800000 0 434
442900000 2 435
443000000 0 438
443100000 0 440
443200000 2 439
443300000 1 434
443400000 0 437
443500000 0 428
443600000 1 411
443700000 2 417
443800000 0 409
443900000 2 403
444000000 2 397
444100000 4 388
444200000 2 375
444300000 0 372
444400000 2 364
444500000 0 357
444600000 0 347
444700000 2 338
444800000 1 336
444900000 0 341
445000000 1 340
445100000 2 314
445200000 4 303
445300000 3 296
445400000 3 290
445500000 3 291
445600000 3 278
445700000 0 278
445800000 3 288
445900000 2 282
446000000 3 283
446100000 1 294
446200000 3 297
446300000 1 288
446400000 1 286
446500000 1 282
446600000 4 287
446700000 2 278
446800000 1 280
446900000 4 278
447000000 10 273
447100000 4 258
447200000 1 257
447300000 2 258
447400000 5 251
447500000 6 226
447600000 4 216
447700000 3 211
447800000 5 214
447900000 1 208
448000000 2 212
448100000 0 206
448200000 0 213
448300000 1 223
448400000 2 229
448500000 6 217
448600000 5 210
448700000 4 211
448800000 3 212
448900000 2 217
449000000 7 215
449100000 0 213
449200000 1 217
449300000 0 215
449400000 0 214
449500000 4 225
449600000 3 221
449700000 6 223
449800000 3 229
449900000 5 223
450000000 0 217
450100000 0 220
450200000 1 226
450300000 0 237
450400000 6 231
450500000 2 223
450600000 5 221
450700000 5 209
450800000 5 191
450900000 3 188
451000000 7 184
451100000 4 176
451200000 9 161
451300000 6 137
451400000 16 122
451500000 11 113
451600000 7 103
451700000 17 90
451800000 9 84
451900000 12 80
452000000 23 69
452100000 35 43
452200000 37 29
452300000 47 18
452400000 49 17
452500000 83 12
452600000 136 5
452700000 167 5
452800000 184 5
452900000 220 6
453000000 276 3
453100000 292 4
453200000 291 5
453300000 309 4
453400000 379 0
453500000 407 4
453600000 428 4
453700000 469 2
453800000 495 2
453900000 510 1
454000000 540 0
454100000 563 1
454200000 584 4
454300000 604 0
454400000 652 3
454500000 671 1
454600000 712 1
454700000 748 2
454800000 780 1
454900000 787 3
455000000 797 1
455100000 780 3
455200000 793 2
455300000 809 0
455400000 809 2
455500000 807 0
455600000 842 1
455700000 873 3
455800000 874 0
455900000 918 3
456000000 982 1
456100000 1056 4
456200000 1090 1
456300000 1119 1
456400000 1146 2
456500000 1162 2
456600000 1160 3
456700000 1163 2
456800000 1170 2
456900000 1159 3
457000000 1140 1
457100000 1098 4
457200000 1078 1
457300000 1072 4
457400000 1049 0
457500000 1045 2
457600000 1033 3
457700000 1034 2
457800000 1043 1
457900000 1045 1
458000000 1045 4
458100000 1039 2
458200000 1039 3
458300000 1052 6
458400000 1050 5
458500000 1044 1
458600000 1028 4
458700000 1026 0
458800000 992 1
458900000 945 6
459000000 973 2
459100000 937 3
459200000 911 3
459300000 899 3
459400000 881 6
459500000 870 2
459600000 851 1
459700000 811 5
459800000 784 4
459900000 743 5
460000000 699 2
460100000 709 5
460200000 730 6
460300000 714 2
460400000 709 4
460500000 717 2
460600000 721 1
460700000 706 6
460800000 689 6
460900000 654 7
461000000 622 1
461100000 584 8
461200000 585 6
461300000 587 1
461400000 610 10
461500000 588 9
461600000 576 5
461700000 554 4
461800000 569 4
461900000 552 10
462000000 540 1
462100000 516 8
462200000 489 9
462300000 442 5
462400000 441 7
462500000 427 9
462600000 434 9
462700000 408 6
462800000 434 8
462900000 431 15
463000000 424 9
463100000 427 2
463200000 390 12
463300000 381 10
463400000 347 19
463500000 317 11
463600000 285 10
463700000 253 12
463800000 226 18
463900000 194 23
464000000 167 30
464100000 136 22
464200000 137 27
464300000 98 41
464400000 74 46
464500000 60 62
464600000 36 81
464700000 15 114
464800000 6 152
464900000 5 211
465000000 3 255
465100000 1 310
465200000 1 373
465300000 2 432
465400000 1 477
465500000 2 536
465600000 1 602
465700000 0 648
465800000 1 674
465900000 0 721
466000000 0 763
466100000 1 807
466200000 0 834
466300000 0 857
466400000 0 892
466500000 0 911
466600000 1 949
466700000 0 974
466800000 1 990
466900000 0 1016
467000000 0 1026
467100000 0 1036
467200000 0 1060
467300000 1 1074
467400000 0 1073
467500000 0 1087
467600000 0 1098
467700000 0 1111
467800000 0 1122
467900000 0 1139
468000000 0 1142
468100000 0 1143
468200000 0 1141
468300000 0 1153
468400000 0 1144
468500000 1 1151
468600000 0 1149
468700000 0 1147
468800000 1 1148
468900000 0 1149
469000000 0 1160
469100000 1 1168
469200000 0 1168
469300000 0 1162
469400000 0 1154
469500000 0 1155
469600000 0 1160
469700000 2 1157
469800000 1 1157
469900000 1 1149
470000000 0 1135
470100000 1 1127
470200000 0 1103
470300000 4 1081
470400000 0 1051
470500000 0 1041
470600000 1 1033
470700000 1 1029
470800000 0 1020
470900000 0 1015
471000000 0 1014
471100000 1 1007
471200000 0 1000
471300000 0 1001
471400000 0 994
471500000 0 1002
471600000 1 1009
471700000 0 997
471800000 2 992
471900000 0 984
472000000 1 986
472100000 0 973
472200000 0 964
472300000 0 963
472400000 0 957
472500000 0 949
472600000 0 937
472700000 1 920
472800000 1 906
472900000 0 901
473000000 1 896
473100000 0 885
473200000 0 882
473300000 1 873
473400000 1 858
473500000 0 848
473600000 0 828
473700000 0 823
473800000 1 818
473900000 0 809
474000000 0 793
474100000 2 792
474200000 1 781
474300000 1 777
474400000 0 753
474500000 3 733
474600000 4 718
474700000 3 702
474800000 0 697
474900000 1 688
475000000 1 687
475100000 0 682
475200000 0 672
475300000 1 658
475400000 2 648
475500000 2 636
475600000 3 612
475700000 1 593
475800000 0 589
475900000 2 593
476000000 0 592
476100000 2 592
476200000 2 584
476300000 2 586
476400000 3 572
476500000 0 560
476600000 2 564
476700000 1 567
476800000 1 575
476900000 1 576
477000000 2 571
477100000 1 575
477200000 1 580
477300000 0 593
477400000 1 600
477500000 0 603
477600000 1 611
477700000 0 613
477800000 0 619
477900000 1 626
478000000 0 629
478100000 0 612
478200000 0 604
478300000 0 597
478400000 2 596
478500000 1 590
478600000 1 588
478700000 1 586
478800000 1 589
478900000 0 588
479000000 1 592
479100000 1 595
479200000 2 592
479300000 0 591
479400000 0 577
479500000 0 569
479600000 0 553
479700000 0 556
479800000 2 543
479900000 1 530
480000000 2 516
480100000 1 507
480200000 0 497
480300000 0 489
480400000 0 486
480500000 1 490
480600000 1 486
480700000 0 472
480800000 0 461
480900000 0 458
481000000 2 457
481100000 3 451
481200000 2 442
481300000 1 431
481400000 0 422
481500000 0 437
481600000 0 437
481700000 2 430
481800000 1 423
481900000 2 427
482000000 0 428
482100000 0 424
482200000 0 428
482300000 1 426
482400000 0 423
482500000 0 427
482600000 4 420
482700000 0 401
482800000 2 390
482900000 3 389
483000000 1 396
483100000 0 387
483200000 0 382
483300000 0 382
483400000 2 386
483500000 1 375
483600000 5 359
483700000 4 348
483800000 2 334
483900000 3 327
484000000 3 317
484100000 3 309
484200000 2 304
484300000 4 295
484400000 1 272
484500000 2 277
484600000 1 265
484700000 2 275
484800000 1 274
484900000 4 261
485000000 5 254
485100000 3 244
485200000 4 242
485300000 3 232
485400000 2 236
485500000 3 236
485600000 1 234
485700000 5 222
485800000 2 219
485900000 2 226
486000000 6 216
486100000 5 216
486200000 2 213
486300000 3 218
486400000 1 220
486500000 4 222
486600000 1 224
486700000 2 226
486800000 1 232
486900000 1 234
487000000 3 239
487100000 1 239
487200000 2 235
487300000 1 235
487400000 1 244
487500000 3 247
487600000 0 240
487700000 2 238
487800000 5 229
487900000 2 224
488000000 3 213
488100000 0 222
488200000 5 230
488300000 5 234
488400000 7 220
488500000 2 205
488600000 6 201
488700000 1 192
488800000 3 190
488900000 3 181
489000000 3 172
489100000 10 173
489200000 6 152
489300000 6 139
489400000 4 139
489500000 5 142
489600000 3 148
489700000 5 152
489800000 1 160
489900000 3 165
490000000 6 167
490100000 1 162
490200000 2 172
490300000 6 165
490400000 4 160
490500000 6 148
490600000 5 146
490700000 3 141
490800000 3 139
490900000 8 130
491000000 10 124
491100000 13 106
491200000 3 94
491300000 3 94
491400000 5 103
491500000 1 108
491600000 4 107
491700000 13 105
491800000 12 100
491900000 16 91
492000000 14 78
492100000 14 81
492200000 8 77
492300000 10 79
492400000 12 73
492500000 12 69
492600000 34 57
492700000 65 32
492800000 66 16
492900000 75 10
493000000 133 12
493100000 181 12
493200000 236 3
493300000 273 3
493400000 297 4
493500000 332 4
493600000 332 3
493700000 328 1
493800000 355 2
493900000 414 3
494000000 452 2
494100000 490 1
494200000 539 0
494300000 581 0
494400000 606 4
494500000 628 2
494600000 669 1
494700000 690 2
494800000 700 0
494900000 736 3
495000000 750 0
495100000 757 0
495200000 808 2
495300000 810 5
495400000 835 0
495500000 848 1
495600000 842 1
495700000 857 1
495800000 839 1
495900000 839 1
496000000 834 3
496100000 845 5
496200000 870 1
496300000 878 0
496400000 887 2
496500000 897 3
496600000 903 4
496700000 921 2
496800000 918 1
496900000 968 2
497000000 971 1
497100000 1011 2
497200000 1005 3
497300000 992 2
497400000 962 2
497500000 975 4
497600000 972 3
497700000 949 2
497800000 960 2
497900000 973 5
498000000 1008 5
498100000 995 0
498200000 990 2
498300000 974 6
498400000 952 2
498500000 946 5
498600000 927 2
498700000 928 2
498800000 929 3
498900000 908 1
499000000 896 1
499100000 899 1
499200000 905 2
499300000 899 3
499400000 897 3
499500000 875 2
499600000 876 5
499700000 889 2
499800000 881 4
499900000 886 4
500000000 892 1
500100000 894 3
500200000 895 3
500300000 900 2
500400000 900 4
500500000 898 2
500600000 900 4
500700000 868 6
500800000 837 3
500900000 802 4
501000000 780 3
501100000 719 1
501200000 709 5
501300000 663 8
501400000 627 7
501500000 586 3
501600000 563 4
