	time(us)     A(t)              StDev(A)
   0.0000000e+00   1.0000000e+03   0.0000000e+00
   1.0000000e-04   6.9429167e+02   1.4985440e+01
   2.0000000e-04   5.5950000e+02   1.2250998e+01
   3.0000000e-04   4.7625000e+02   1.0875781e+01
   4.0000000e-04   4.1695833e+02   1.1418822e+01
   5.0000000e-04   3.7245833e+02   1.2147568e+01
   6.0000000e-04   3.3804167e+02   1.1039373e+01
   7.0000000e-04   3.1025000e+02   1.0305127e+01
   8.0000000e-04   2.8633333e+02   1.0606260e+01
   9.0000000e-04   2.6691667e+02   1.0133529e+01
   1.0000000e-03   2.5112500e+02   9.3125091e+00
   1.1000000e-03   2.3762500e+02   9.7437271e+00
   1.2000000e-03   2.2604167e+02   9.4706832e+00
   1.3000000e-03   2.1479167e+02   9.8818198e+00
   1.4000000e-03   2.0375000e+02   9.7679600e+00
   1.5000000e-03   1.9591667e+02   8.7968209e+00
   1.6000000e-03   1.8820833e+02   8.7822903e+00
   1.7000000e-03   1.8091667e+02   8.6924088e+00
   1.8000000e-03   1.7395833e+02   8.8831994e+00
   1.9000000e-03   1.6854167e+02   8.5718405e+00
   2.0000000e-03   1.6283333e+02   8.7757901e+00
   2.1000000e-03   1.5779167e+02   9.4407957e+00
   2.2000000e-03   1.5241667e+02   8.9000081e+00
   2.3000000e-03   1.4862500e+02   8.1763843e+00
   2.4000000e-03   1.4420833e+02   7.9124512e+00
   2.5000000e-03   1.4020833e+02   8.4027903e+00
   2.6000000e-03   1.3695833e+02   9.4523021e+00
   2.7000000e-03   1.3383333e+02   9.1016800e+00
   2.8000000e-03   1.3058333e+02   9.0309452e+00
   2.9000000e-03   1.2733333e+02   9.1350575e+00
   3.0000000e-03   1.2433333e+02   8.6359545e+00
   3.1000000e-03   1.2187500e+02   8.5175650e+00
   3.2000000e-03   1.1950000e+02   8.7327470e+00
   3.3000000e-03   1.1687500e+02   7.8036363e+00
   3.4000000e-03   1.1462500e+02   7.5516339e+00
   3.5000000e-03   1.1241667e+02   7.4770179e+00
   3.6000000e-03   1.1029167e+02   7.3984673e+00
   3.7000000e-03   1.0820833e+02   7.0709397e+00
   3.8000000e-03   1.0641667e+02   7.1743302e+00
   3.9000000e-03   1.0462500e+02   7.4121668e+00
   4.0000000e-03   1.0304167e+02   7.4919038e+00
   4.1000000e-03   1.0120833e+02   8.0270151e+00
   4.2000000e-03   9.9958333e+01   7.9371398e+00
   4.3000000e-03   9.8208333e+01   8.1024911e+00
   4.4000000e-03   9.6791667e+01   7.6895138e+00
   4.5000000e-03   9.5291667e+01   7.4453322e+00
   4.6000000e-03   9.3916667e+01   6.9714740e+00
   4.7000000e-03   9.2708333e+01   7.1898429e+00
   4.8000000e-03   9.1500000e+01   7.5871745e+00
   4.9000000e-03   9.0208333e+01   7.3896471e+00
   5.0000000e-03   8.9041667e+01   7.5324179e+00
   5.1000000e-03   8.7666667e+01   7.2391848e+00
   5.2000000e-03   8.6500000e+01   7.3306978e+00
   5.3000000e-03   8.5291667e+01   7.3276081e+00
   5.4000000e-03   8.3958333e+01   7.3749232e+00
   5.5000000e-03   8.2666667e+01   7.4405859e+00
   5.6000000e-03   8.1625000e+01   7.2760028e+00
   5.7000000e-03   8.0958333e+01   7.2560569e+00
   5.8000000e-03   8.0041667e+01   7.6013681e+00
   5.9000000e-03   7.9208333e+01   7.4890016e+00
   6.0000000e-03   7.8166667e+01   7.3760285e+00
   6.1000000e-03   7.7458333e+01   7.4365675e+00
   6.2000000e-03   7.6541667e+01   7.2230258e+00
   6.3000000e-03   7.5791667e+01   7.1321633e+00
   6.4000000e-03   7.5250000e+01   7.0108611e+00
   6.5000000e-03   7.4541667e+01   7.0524690e+00
   6.6000000e-03   7.3791667e+01   7.4365675e+00
   6.7000000e-03   7.2833333e+01   7.7328586e+00
   6.8000000e-03   7.1833333e+01   7.7553161e+00
   6.9000000e-03   7.1458333e+01   7.7064579e+00
   7.0000000e-03   7.0833333e+01   7.6195781e+00
   7.1000000e-03   7.0166667e+01   7.6877467e+00
   7.2000000e-03   6.9666667e+01   7.3287206e+00
   7.3000000e-03   6.8750000e+01   7.3024713e+00
   7.4000000e-03   6.7916667e+01   7.3538908e+00
   7.5000000e-03   6.7250000e+01   7.2666600e+00
   7.6000000e-03   6.6583333e+01   7.4362021e+00
   7.7000000e-03   6.6000000e+01   7.2950251e+00
   7.8000000e-03   6.5625000e+01   7.3177123e+00
   7.9000000e-03   6.4916667e+01   7.0582463e+00
   8.0000000e-03   6.4291667e+01   7.1958875e+00
   8.1000000e-03   6.3791667e+01   7.2949009e+00
   8.2000000e-03   6.3291667e+01   7.0308585e+00
   8.3000000e-03   6.2708333e+01   6.9500026e+00
   8.4000000e-03   6.2083333e+01   7.0705554e+00
   8.5000000e-03   6.1625000e+01   7.2700248e+00
   8.6000000e-03   6.1000000e+01   7.2771232e+00
   8.7000000e-03   6.0333333e+01   7.4171755e+00
   8.8000000e-03   5.9708333e+01   7.6070858e+00
   8.9000000e-03   5.9291667e+01   7.4744735e+00
   9.0000000e-03   5.8666667e+01   7.5335001e+00
   9.1000000e-03   5.7958333e+01   7.2380586e+00
   9.2000000e-03   5.7625000e+01   7.2340529e+00
   9.3000000e-03   5.7375000e+01   7.2460634e+00
   9.4000000e-03   5.7083333e+01   7.4362021e+00
   9.5000000e-03   5.6708333e+01   7.2919203e+00
   9.6000000e-03   5.6500000e+01   7.3484692e+00
   9.7000000e-03   5.6458333e+01   7.3424268e+00
   9.8000000e-03   5.6125000e+01   7.3739406e+00
   9.9000000e-03   5.5875000e+01   7.4268169e+00
   1.0000000e-02   5.5666667e+01   7.4464270e+00
   1.0100000e-02   5.5291667e+01   7.3984673e+00
   1.0200000e-02   5.4833333e+01   7.3642300e+00
   1.0300000e-02   5.4500000e+01   7.5123087e+00
   1.0400000e-02   5.3875000e+01   7.3087946e+00
   1.0500000e-02   5.3458333e+01   7.4482514e+00
   1.0600000e-02   5.3125000e+01   7.4268169e+00
   1.0700000e-02   5.2916667e+01   7.3657059e+00
   1.0800000e-02   5.2625000e+01   7.3414399e+00
   1.0900000e-02   5.2250000e+01   7.5886070e+00
   1.1000000e-02   5.1916667e+01   7.6038701e+00
   1.1100000e-02   5.1541667e+01   7.4890016e+00
   1.1200000e-02   5.1041667e+01   7.5324179e+00
   1.1300000e-02   5.0791667e+01   7.6441462e+00
   1.1400000e-02   5.0500000e+01   7.4366893e+00
   1.1500000e-02   5.0333333e+01   7.4697457e+00
   1.1600000e-02   5.0000000e+01   7.4891225e+00
   1.1700000e-02   4.9625000e+01   7.5803665e+00
   1.1800000e-02   4.9333333e+01   7.6138699e+00
   1.1900000e-02   4.8958333e+01   7.4453322e+00
   1.2000000e-02   4.8708333e+01   7.4277925e+00
   1.2100000e-02   4.8333333e+01   7.2930382e+00
   1.2200000e-02   4.8083333e+01   7.2045678e+00
   1.2300000e-02   4.7708333e+01   7.1413016e+00
   1.2400000e-02   4.7625000e+01   7.1128329e+00
   1.2500000e-02   4.7375000e+01   7.1433307e+00
   1.2600000e-02   4.6958333e+01   7.2859553e+00
   1.2700000e-02   4.6916667e+01   7.2706478e+00
   1.2800000e-02   4.6708333e+01   7.2260349e+00
   1.2900000e-02   4.6208333e+01   7.2470634e+00
   1.3000000e-02   4.5916667e+01   7.2526857e+00
   1.3100000e-02   4.5541667e+01   7.5006038e+00
   1.3200000e-02   4.5166667e+01   7.1909766e+00
   1.3300000e-02   4.4958333e+01   7.1107950e+00
   1.3400000e-02   4.4666667e+01   7.0628647e+00
   1.3500000e-02   4.4458333e+01   7.0893623e+00
   1.3600000e-02   4.4125000e+01   7.0668393e+00
   1.3700000e-02   4.3916667e+01   6.9214014e+00
   1.3800000e-02   4.3666667e+01   6.9948221e+00
   1.3900000e-02   4.3375000e+01   7.1005970e+00
   1.4000000e-02   4.3041667e+01   7.0801570e+00
   1.4100000e-02   4.2625000e+01   7.1979013e+00
   1.4200000e-02   4.2458333e+01   7.1686465e+00
   1.4300000e-02   4.2291667e+01   7.2139910e+00
   1.4400000e-02   4.2125000e+01   7.2550582e+00
   1.4500000e-02   4.1791667e+01   7.1625789e+00
   1.4600000e-02   4.1583333e+01   7.2346790e+00
   1.4700000e-02   4.1541667e+01   7.1321633e+00
   1.4800000e-02   4.1375000e+01   7.1736989e+00
   1.4900000e-02   4.1000000e+01   7.2471884e+00
   1.5000000e-02   4.0791667e+01   7.2829710e+00
   1.5100000e-02   4.0625000e+01   7.2520612e+00
   1.5200000e-02   4.0333333e+01   7.2331764e+00
   1.5300000e-02   4.0083333e+01   7.2045678e+00
   1.5400000e-02   3.9916667e+01   7.2885656e+00
   1.5500000e-02   3.9750000e+01   7.2186353e+00
   1.5600000e-02   3.9458333e+01   7.2109769e+00
   1.5700000e-02   3.9291667e+01   7.2740107e+00
   1.5800000e-02   3.9083333e+01   7.2226496e+00
   1.5900000e-02   3.8875000e+01   7.1463734e+00
   1.6000000e-02   3.8750000e+01   7.2005435e+00
   1.6100000e-02   3.8541667e+01   7.0709397e+00
   1.6200000e-02   3.8458333e+01   7.0770859e+00
   1.6300000e-02   3.8250000e+01   7.0356236e+00
   1.6400000e-02   3.8041667e+01   7.1352107e+00
   1.6500000e-02   3.7833333e+01   7.2511868e+00
   1.6600000e-02   3.7666667e+01   7.2930382e+00
   1.6700000e-02   3.7500000e+01   7.1990338e+00
   1.6800000e-02   3.7375000e+01   7.2520612e+00
   1.6900000e-02   3.7333333e+01   7.1970203e+00
   1.7000000e-02   3.7250000e+01   7.1277169e+00
   1.7100000e-02   3.7125000e+01   7.0421865e+00
   1.7200000e-02   3.7083333e+01   7.0644035e+00
   1.7300000e-02   3.6625000e+01   6.7875365e+00
   1.7400000e-02   3.6500000e+01   6.7373069e+00
   1.7500000e-02   3.6375000e+01   6.7360968e+00
   1.7600000e-02   3.6208333e+01   6.6592803e+00
   1.7700000e-02   3.5916667e+01   6.6523397e+00
   1.7800000e-02   3.5791667e+01   6.7177841e+00
   1.7900000e-02   3.5625000e+01   6.7167053e+00
   1.8000000e-02   3.5458333e+01   6.5606148e+00
   1.8100000e-02   3.5208333e+01   6.5870701e+00
   1.8200000e-02   3.5000000e+01   6.7502013e+00
   1.8300000e-02   3.4916667e+01   6.7496645e+00
   1.8400000e-02   3.4833333e+01   6.7480539e+00
   1.8500000e-02   3.4708333e+01   6.7982042e+00
   1.8600000e-02   3.4625000e+01   6.8449442e+00
   1.8700000e-02   3.4500000e+01   6.8015344e+00
   1.8800000e-02   3.4333333e+01   6.8376621e+00
   1.8900000e-02   3.4166667e+01   6.8249330e+00
   1.9000000e-02   3.3958333e+01   6.7918056e+00
   1.9100000e-02   3.3833333e+01   6.8693818e+00
   1.9200000e-02   3.3416667e+01   6.6784316e+00
   1.9300000e-02   3.3208333e+01   6.5539843e+00
   1.9400000e-02   3.3208333e+01   6.5539843e+00
   1.9500000e-02   3.3166667e+01   6.5519109e+00
   1.9600000e-02   3.3125000e+01   6.5561952e+00
   1.9700000e-02   3.3000000e+01   6.6003952e+00
   1.9800000e-02   3.3000000e+01   6.6003952e+00
   1.9900000e-02   3.2875000e+01   6.6287418e+00
   2.0000000e-02   3.2750000e+01   6.6545179e+00
   2.0100000e-02   3.2583333e+01   6.7044221e+00
   2.0200000e-02   3.2250000e+01   6.7839324e+00
   2.0300000e-02   3.2166667e+01   6.7222322e+00
   2.0400000e-02   3.2041667e+01   6.6363896e+00
   2.0500000e-02   3.2000000e+01   6.6266917e+00
   2.0600000e-02   3.1708333e+01   6.6755828e+00
   2.0700000e-02   3.1541667e+01   6.6527482e+00
   2.0800000e-02   3.1500000e+01   6.7049625e+00
   2.0900000e-02   3.1416667e+01   6.6914395e+00
   2.1000000e-02   3.1375000e+01   6.7037465e+00
   2.1100000e-02   3.1291667e+01   6.6625440e+00
   2.1200000e-02   3.1166667e+01   6.6179379e+00
   2.1300000e-02   3.1125000e+01   6.6156107e+00
   2.1400000e-02   3.1125000e+01   6.6156107e+00
   2.1500000e-02   3.0916667e+01   6.4868876e+00
   2.1600000e-02   3.0750000e+01   6.4958181e+00
   2.1700000e-02   3.0708333e+01   6.4570768e+00
   2.1800000e-02   3.0541667e+01   6.3037543e+00
   2.1900000e-02   3.0375000e+01   6.2610771e+00
   2.2000000e-02   3.0250000e+01   6.2432572e+00
   2.2100000e-02   3.0166667e+01   6.1831937e+00
   2.2200000e-02   3.0041667e+01   6.1324452e+00
   2.2300000e-02   2.9833333e+01   6.2112567e+00
   2.2400000e-02   2.9708333e+01   6.2239311e+00
   2.2500000e-02   2.9458333e+01   6.0070912e+00
   2.2600000e-02   2.9291667e+01   6.0683009e+00
   2.2700000e-02   2.9291667e+01   6.0683009e+00
   2.2800000e-02   2.9291667e+01   6.0683009e+00
   2.2900000e-02   2.9208333e+01   5.9925981e+00
   2.3000000e-02   2.9125000e+01   6.0383737e+00
   2.3100000e-02   2.9041667e+01   5.9817052e+00
   2.3200000e-02   2.8875000e+01   5.9440324e+00
   2.3300000e-02   2.8750000e+01   5.9581876e+00
   2.3400000e-02   2.8708333e+01   5.9598597e+00
   2.3500000e-02   2.8625000e+01   5.9183760e+00
   2.3600000e-02   2.8458333e+01   5.9415937e+00
   2.3700000e-02   2.8375000e+01   5.8518856e+00
   2.3800000e-02   2.8291667e+01   5.7746008e+00
   2.3900000e-02   2.8208333e+01   5.6873557e+00
   2.4000000e-02   2.8166667e+01   5.6773131e+00
   2.4100000e-02   2.8041667e+01   5.7746008e+00
   2.4200000e-02   2.8000000e+01   5.6645350e+00
   2.4300000e-02   2.7958333e+01   5.7368312e+00
   2.4400000e-02   2.7875000e+01   5.7507088e+00
   2.4500000e-02   2.7833333e+01   5.6926090e+00
   2.4600000e-02   2.7708333e+01   5.6451531e+00
   2.4700000e-02   2.7708333e+01   5.6451531e+00
   2.4800000e-02   2.7666667e+01   5.6388919e+00
   2.4900000e-02   2.7583333e+01   5.5632073e+00
   2.5000000e-02   2.7416667e+01   5.4924190e+00
   2.5100000e-02   2.7333333e+01   5.4745789e+00
   2.5200000e-02   2.7208333e+01   5.5166087e+00
   2.5300000e-02   2.7000000e+01   5.4053114e+00
   2.5400000e-02   2.7000000e+01   5.4053114e+00
   2.5500000e-02   2.6916667e+01   5.4447156e+00
   2.5600000e-02   2.6833333e+01   5.4026295e+00
   2.5700000e-02   2.6791667e+01   5.2913314e+00
   2.5800000e-02   2.6750000e+01   5.3344655e+00
   2.5900000e-02   2.6583333e+01   5.3317480e+00
   2.6000000e-02   2.6416667e+01   5.2578444e+00
   2.6100000e-02   2.6375000e+01   5.2487058e+00
   2.6200000e-02   2.6250000e+01   5.1772916e+00
   2.6300000e-02   2.6166667e+01   5.1555514e+00
   2.6400000e-02   2.6041667e+01   5.1031036e+00
   2.6500000e-02   2.5916667e+01   5.0209705e+00
   2.6600000e-02   2.5833333e+01   5.0101347e+00
   2.6700000e-02   2.5791667e+01   5.0474201e+00
   2.6800000e-02   2.5666667e+01   5.0619352e+00
   2.6900000e-02   2.5541667e+01   5.1581861e+00
   2.7000000e-02   2.5541667e+01   5.1581861e+00
   2.7100000e-02   2.5458333e+01   5.1750166e+00
   2.7200000e-02   2.5375000e+01   5.2487058e+00
   2.7300000e-02   2.5250000e+01   5.0840757e+00
   2.7400000e-02   2.5083333e+01   5.0554892e+00
   2.7500000e-02   2.5000000e+01   4.9343516e+00
   2.7600000e-02   2.4875000e+01   4.8928741e+00
   2.7700000e-02   2.4708333e+01   4.7865679e+00
   2.7800000e-02   2.4708333e+01   4.7865679e+00
   2.7900000e-02   2.4458333e+01   4.7455166e+00
   2.8000000e-02   2.4333333e+01   4.8154341e+00
   2.8100000e-02   2.4291667e+01   4.8227646e+00
   2.8200000e-02   2.4291667e+01   4.8227646e+00
   2.8300000e-02   2.4208333e+01   4.8272701e+00
   2.8400000e-02   2.4208333e+01   4.8272701e+00
   2.8500000e-02   2.4125000e+01   4.7941314e+00
   2.8600000e-02   2.4000000e+01   4.7912965e+00
   2.8700000e-02   2.3916667e+01   4.7081490e+00
   2.8800000e-02   2.3916667e+01   4.7081490e+00
   2.8900000e-02   2.3625000e+01   4.5282927e+00
   2.9000000e-02   2.3583333e+01   4.5100532e+00
   2.9100000e-02   2.3500000e+01   4.3638834e+00
   2.9200000e-02   2.3500000e+01   4.3638834e+00
   2.9300000e-02   2.3416667e+01   4.2825903e+00
   2.9400000e-02   2.3333333e+01   4.2800515e+00
   2.9500000e-02   2.3333333e+01   4.2800515e+00
   2.9600000e-02   2.3250000e+01   4.2656362e+00
   2.9700000e-02   2.3250000e+01   4.2656362e+00
   2.9800000e-02   2.3208333e+01   4.2115696e+00
   2.9900000e-02   2.3125000e+01   4.1735450e+00
   3.0000000e-02   2.2958333e+01   4.1228859e+00
   3.0100000e-02   2.2916667e+01   4.0851445e+00
   3.0200000e-02   2.2833333e+01   4.1979981e+00
   3.0300000e-02   2.2791667e+01   4.2218805e+00
   3.0400000e-02   2.2750000e+01   4.2040353e+00
   3.0500000e-02   2.2666667e+01   4.1876284e+00
   3.0600000e-02   2.2625000e+01   4.2201638e+00
   3.0700000e-02   2.2500000e+01   4.2014490e+00
   3.0800000e-02   2.2500000e+01   4.2014490e+00
   3.0900000e-02   2.2375000e+01   4.1787506e+00
   3.1000000e-02   2.2333333e+01   4.1563641e+00
   3.1100000e-02   2.2208333e+01   4.0964371e+00
   3.1200000e-02   2.2083333e+01   4.0957737e+00
   3.1300000e-02   2.2083333e+01   4.0957737e+00
   3.1400000e-02   2.2083333e+01   4.0957737e+00
   3.1500000e-02   2.2000000e+01   4.1072576e+00
   3.1600000e-02   2.1958333e+01   3.9943348e+00
   3.1700000e-02   2.1875000e+01   4.0142410e+00
   3.1800000e-02   2.1833333e+01   4.0504070e+00
   3.1900000e-02   2.1708333e+01   4.0376399e+00
   3.2000000e-02   2.1708333e+01   4.0376399e+00
   3.2100000e-02   2.1666667e+01   4.0824829e+00
   3.2200000e-02   2.1625000e+01   4.0733759e+00
   3.2300000e-02   2.1541667e+01   4.0430205e+00
   3.2400000e-02   2.1458333e+01   4.1491661e+00
   3.2500000e-02   2.1333333e+01   4.1876284e+00
   3.2600000e-02   2.1333333e+01   4.1876284e+00
   3.2700000e-02   2.1250000e+01   4.1204685e+00
   3.2800000e-02   2.1166667e+01   4.0718190e+00
   3.2900000e-02   2.1166667e+01   4.0718190e+00
   3.3000000e-02   2.1125000e+01   4.0680355e+00
   3.3100000e-02   2.1041667e+01   4.0698164e+00
   3.3200000e-02   2.1000000e+01   4.1178297e+00
   3.3300000e-02   2.1000000e+01   4.1178297e+00
   3.3400000e-02   2.0875000e+01   4.1316646e+00
   3.3500000e-02   2.0791667e+01   4.1908717e+00
   3.3600000e-02   2.0583333e+01   4.2825903e+00
   3.3700000e-02   2.0541667e+01   4.3236374e+00
   3.3800000e-02   2.0541667e+01   4.3236374e+00
   3.3900000e-02   2.0541667e+01   4.3236374e+00
   3.4000000e-02   2.0541667e+01   4.3236374e+00
   3.4100000e-02   2.0500000e+01   4.3338907e+00
   3.4200000e-02   2.0458333e+01   4.2730619e+00
   3.4300000e-02   2.0416667e+01   4.2315242e+00
   3.4400000e-02   2.0208333e+01   4.2730619e+00
   3.4500000e-02   2.0208333e+01   4.2730619e+00
   3.4600000e-02   2.0208333e+01   4.2730619e+00
   3.4700000e-02   2.0208333e+01   4.2730619e+00
   3.4800000e-02   2.0166667e+01   4.3305454e+00
   3.4900000e-02   2.0166667e+01   4.3305454e+00
   3.5000000e-02   2.0083333e+01   4.2417866e+00
   3.5100000e-02   2.0083333e+01   4.2417866e+00
   3.5200000e-02   2.0000000e+01   4.2220951e+00
   3.5300000e-02   1.9958333e+01   4.2577721e+00
   3.5400000e-02   1.9916667e+01   4.3028471e+00
   3.5500000e-02   1.9875000e+01   4.2764522e+00
   3.5600000e-02   1.9750000e+01   4.2859731e+00
   3.5700000e-02   1.9666667e+01   4.3405737e+00
   3.5800000e-02   1.9583333e+01   4.3129397e+00
   3.5900000e-02   1.9583333e+01   4.3129397e+00
   3.6000000e-02   1.9583333e+01   4.3129397e+00
   3.6100000e-02   1.9583333e+01   4.3129397e+00
   3.6200000e-02   1.9583333e+01   4.3129397e+00
   3.6300000e-02   1.9583333e+01   4.3129397e+00
   3.6400000e-02   1.9541667e+01   4.3135698e+00
   3.6500000e-02   1.9500000e+01   4.3638834e+00
   3.6600000e-02   1.9458333e+01   4.3437028e+00
   3.6700000e-02   1.9375000e+01   4.2815326e+00
   3.6800000e-02   1.9333333e+01   4.3204938e+00
   3.6900000e-02   1.9333333e+01   4.3204938e+00
   3.7000000e-02   1.9291667e+01   4.3386951e+00
   3.7100000e-02   1.9250000e+01   4.3763197e+00
   3.7200000e-02   1.9208333e+01   4.3537007e+00
   3.7300000e-02   1.9166667e+01   4.4002635e+00
   3.7400000e-02   1.9125000e+01   4.3769406e+00
   3.7500000e-02   1.9083333e+01   4.4125973e+00
   3.7600000e-02   1.9000000e+01   4.3338907e+00
   3.7700000e-02   1.8958333e+01   4.3186065e+00
   3.7800000e-02   1.8875000e+01   4.3769406e+00
   3.7900000e-02   1.8875000e+01   4.3769406e+00
   3.8000000e-02   1.8791667e+01   4.4328729e+00
   3.8100000e-02   1.8708333e+01   4.2781464e+00
   3.8200000e-02   1.8708333e+01   4.2781464e+00
   3.8300000e-02   1.8708333e+01   4.2781464e+00
   3.8400000e-02   1.8666667e+01   4.2494671e+00
   3.8500000e-02   1.8666667e+01   4.2494671e+00
   3.8600000e-02   1.8500000e+01   4.1807010e+00
   3.8700000e-02   1.8458333e+01   4.1596317e+00
   3.8800000e-02   1.8458333e+01   4.1596317e+00
   3.8900000e-02   1.8375000e+01   4.1683330e+00
   3.9000000e-02   1.8291667e+01   4.0268573e+00
   3.9100000e-02   1.8291667e+01   4.0268573e+00
   3.9200000e-02   1.8291667e+01   4.0268573e+00
   3.9300000e-02   1.8291667e+01   4.0268573e+00
   3.9400000e-02   1.8208333e+01   3.9997735e+00
   3.9500000e-02   1.8166667e+01   3.8860583e+00
   3.9600000e-02   1.8125000e+01   3.9376941e+00
   3.9700000e-02   1.8000000e+01   3.9120772e+00
   3.9800000e-02   1.7958333e+01   3.8951382e+00
   3.9900000e-02   1.7916667e+01   3.8888544e+00
   4.0000000e-02   1.7833333e+01   3.9854809e+00
   4.0100000e-02   1.7708333e+01   3.9505549e+00
   4.0200000e-02   1.7708333e+01   3.9505549e+00
   4.0300000e-02   1.7666667e+01   3.9963752e+00
   4.0400000e-02   1.7666667e+01   3.9963752e+00
   4.0500000e-02   1.7625000e+01   3.9652019e+00
   4.0600000e-02   1.7583333e+01   3.9222516e+00
   4.0700000e-02   1.7500000e+01   3.9342421e+00
   4.0800000e-02   1.7375000e+01   3.9099928e+00
   4.0900000e-02   1.7375000e+01   3.9099928e+00
   4.1000000e-02   1.7375000e+01   3.9099928e+00
   4.1100000e-02   1.7291667e+01   3.8615064e+00
   4.1200000e-02   1.7166667e+01   3.8183387e+00
   4.1300000e-02   1.7166667e+01   3.8183387e+00
   4.1400000e-02   1.7166667e+01   3.8183387e+00
   4.1500000e-02   1.7125000e+01   3.7102971e+00
   4.1600000e-02   1.7041667e+01   3.7703554e+00
   4.1700000e-02   1.7041667e+01   3.7703554e+00
   4.1800000e-02   1.7041667e+01   3.7703554e+00
   4.1900000e-02   1.6958333e+01   3.7703554e+00
   4.2000000e-02   1.6916667e+01   3.7290477e+00
   4.2100000e-02   1.6916667e+01   3.7290477e+00
   4.2200000e-02   1.6833333e+01   3.6791618e+00
   4.2300000e-02   1.6750000e+01   3.5416773e+00
   4.2400000e-02   1.6750000e+01   3.5416773e+00
   4.2500000e-02   1.6666667e+01   3.4724589e+00
   4.2600000e-02   1.6666667e+01   3.4724589e+00
   4.2700000e-02   1.6666667e+01   3.4724589e+00
   4.2800000e-02   1.6541667e+01   3.3229003e+00
   4.2900000e-02   1.6541667e+01   3.3229003e+00
   4.3000000e-02   1.6541667e+01   3.3229003e+00
   4.3100000e-02   1.6500000e+01   3.3492374e+00
   4.3200000e-02   1.6458333e+01   3.3359591e+00
   4.3300000e-02   1.6375000e+01   3.2545954e+00
   4.3400000e-02   1.6333333e+01   3.2258018e+00
   4.3500000e-02   1.6208333e+01   3.1482109e+00
   4.3600000e-02   1.6208333e+01   3.1482109e+00
   4.3700000e-02   1.6166667e+01   3.1021264e+00
   4.3800000e-02   1.6166667e+01   3.1021264e+00
   4.3900000e-02   1.6083333e+01   3.0348221e+00
   4.4000000e-02   1.6083333e+01   3.0348221e+00
   4.4100000e-02   1.6083333e+01   3.0348221e+00
   4.4200000e-02   1.6041667e+01   3.0285477e+00
   4.4300000e-02   1.6041667e+01   3.0285477e+00
   4.4400000e-02   1.6041667e+01   3.0285477e+00
   4.4500000e-02   1.6041667e+01   3.0285477e+00
   4.4600000e-02   1.6041667e+01   3.0285477e+00
   4.4700000e-02   1.6041667e+01   3.0285477e+00
   4.4800000e-02   1.6041667e+01   3.0285477e+00
   4.4900000e-02   1.5916667e+01   2.9476102e+00
   4.5000000e-02   1.5875000e+01   3.0261541e+00
   4.5100000e-02   1.5833333e+01   3.0024145e+00
   4.5200000e-02   1.5708333e+01   2.9705682e+00
   4.5300000e-02   1.5708333e+01   2.9705682e+00
   4.5400000e-02   1.5625000e+01   2.9312781e+00
   4.5500000e-02   1.5625000e+01   2.9312781e+00
   4.5600000e-02   1.5583333e+01   2.9179604e+00
   4.5700000e-02   1.5541667e+01   2.9039578e+00
   4.5800000e-02   1.5541667e+01   2.9039578e+00
   4.5900000e-02   1.5541667e+01   2.9039578e+00
   4.6000000e-02   1.5541667e+01   2.9039578e+00
   4.6100000e-02   1.5541667e+01   2.9039578e+00
   4.6200000e-02   1.5541667e+01   2.9039578e+00
   4.6300000e-02   1.5500000e+01   2.8892605e+00
   4.6400000e-02   1.5416667e+01   2.9328227e+00
   4.6500000e-02   1.5375000e+01   2.9607945e+00
   4.6600000e-02   1.5375000e+01   2.9607945e+00
   4.6700000e-02   1.5333333e+01   2.9142329e+00
   4.6800000e-02   1.5291667e+01   2.9411498e+00
   4.6900000e-02   1.5291667e+01   2.9411498e+00
   4.7000000e-02   1.5166667e+01   3.0024145e+00
   4.7100000e-02   1.5125000e+01   2.9972814e+00
   4.7200000e-02   1.5083333e+01   2.9623238e+00
   4.7300000e-02   1.5041667e+01   3.0285477e+00
   4.7400000e-02   1.5041667e+01   3.0285477e+00
   4.7500000e-02   1.5000000e+01   3.0216609e+00
   4.7600000e-02   1.5000000e+01   3.0216609e+00
   4.7700000e-02   1.4958333e+01   3.0428700e+00
   4.7800000e-02   1.4916667e+01   3.0348221e+00
   4.7900000e-02   1.4916667e+01   3.0348221e+00
   4.8000000e-02   1.4916667e+01   3.0348221e+00
   4.8100000e-02   1.4875000e+01   3.0261541e+00
   4.8200000e-02   1.4833333e+01   3.0597907e+00
   4.8300000e-02   1.4750000e+01   3.0680684e+00
   4.8400000e-02   1.4708333e+01   3.0713142e+00
   4.8500000e-02   1.4708333e+01   3.0713142e+00
   4.8600000e-02   1.4708333e+01   3.0713142e+00
   4.8700000e-02   1.4666667e+01   3.0455480e+00
   4.8800000e-02   1.4625000e+01   3.0045256e+00
   4.8900000e-02   1.4583333e+01   2.9769647e+00
   4.9000000e-02   1.4583333e+01   2.9769647e+00
   4.9100000e-02   1.4583333e+01   2.9769647e+00
   4.9200000e-02   1.4541667e+01   2.9632410e+00
   4.9300000e-02   1.4541667e+01   2.9632410e+00
   4.9400000e-02   1.4416667e+01   2.9623238e+00
   4.9500000e-02   1.4333333e+01   2.9733112e+00
   4.9600000e-02   1.4291667e+01   2.9558956e+00
   4.9700000e-02   1.4208333e+01   2.9778774e+00
   4.9800000e-02   1.4125000e+01   2.9238524e+00
   4.9900000e-02   1.4083333e+01   2.9769647e+00
   5.0000000e-02   1.4083333e+01   2.9769647e+00
   5.0100000e-02   1.4041667e+01   2.9558956e+00
   5.0200000e-02   1.3916667e+01   2.7962190e+00
   5.0300000e-02   1.3916667e+01   2.7962190e+00
   5.0400000e-02   1.3875000e+01   2.7868090e+00
   5.0500000e-02   1.3833333e+01   2.8078565e+00
   5.0600000e-02   1.3750000e+01   2.8168746e+00
   5.0700000e-02   1.3666667e+01   2.8232985e+00
   5.0800000e-02   1.3583333e+01   2.9179604e+00
   5.0900000e-02   1.3541667e+01   2.9039578e+00
   5.1000000e-02   1.3500000e+01   2.8741728e+00
   5.1100000e-02   1.3458333e+01   2.7343097e+00
   5.1200000e-02   1.3458333e+01   2.7343097e+00
   5.1300000e-02   1.3458333e+01   2.7343097e+00
   5.1400000e-02   1.3375000e+01   2.6672327e+00
   5.1500000e-02   1.3375000e+01   2.6672327e+00
   5.1600000e-02   1.3333333e+01   2.6484888e+00
   5.1700000e-02   1.3333333e+01   2.6484888e+00
   5.1800000e-02   1.3291667e+01   2.6454089e+00
   5.1900000e-02   1.3291667e+01   2.6454089e+00
   5.2000000e-02   1.3291667e+01   2.6454089e+00
   5.2100000e-02   1.3208333e+01   2.4843714e+00
   5.2200000e-02   1.3125000e+01   2.4550303e+00
   5.2300000e-02   1.3125000e+01   2.4550303e+00
   5.2400000e-02   1.3000000e+01   2.2457690e+00
   5.2500000e-02   1.3000000e+01   2.2457690e+00
   5.2600000e-02   1.3000000e+01   2.2457690e+00
   5.2700000e-02   1.3000000e+01   2.2457690e+00
   5.2800000e-02   1.2958333e+01   2.2356629e+00
   5.2900000e-02   1.2958333e+01   2.2356629e+00
   5.3000000e-02   1.2916667e+01   2.1247336e+00
   5.3100000e-02   1.2833333e+01   2.1196117e+00
   5.3200000e-02   1.2833333e+01   2.1196117e+00
   5.3300000e-02   1.2750000e+01   2.1918823e+00
   5.3400000e-02   1.2708333e+01   2.1964233e+00
   5.3500000e-02   1.2708333e+01   2.1964233e+00
   5.3600000e-02   1.2666667e+01   2.2586388e+00
   5.3700000e-02   1.2625000e+01   2.2614443e+00
   5.3800000e-02   1.2625000e+01   2.2614443e+00
   5.3900000e-02   1.2583333e+01   2.2050666e+00
   5.4000000e-02   1.2541667e+01   2.1665273e+00
   5.4100000e-02   1.2500000e+01   2.1467873e+00
   5.4200000e-02   1.2500000e+01   2.1467873e+00
   5.4300000e-02   1.2500000e+01   2.1467873e+00
   5.4400000e-02   1.2500000e+01   2.1467873e+00
   5.4500000e-02   1.2458333e+01   2.1054622e+00
   5.4600000e-02   1.2458333e+01   2.1054622e+00
   5.4700000e-02   1.2458333e+01   2.1054622e+00
   5.4800000e-02   1.2458333e+01   2.1054622e+00
   5.4900000e-02   1.2416667e+01   2.1652727e+00
   5.5000000e-02   1.2375000e+01   2.1429865e+00
   5.5100000e-02   1.2333333e+01   2.1196117e+00
   5.5200000e-02   1.2333333e+01   2.1196117e+00
   5.5300000e-02   1.2291667e+01   2.1362130e+00
   5.5400000e-02   1.2291667e+01   2.1362130e+00
   5.5500000e-02   1.2250000e+01   2.1315436e+00
   5.5600000e-02   1.2166667e+01   2.1802805e+00
   5.5700000e-02   1.2125000e+01   2.2128577e+00
   5.5800000e-02   1.2041667e+01   2.2550266e+00
   5.5900000e-02   1.2000000e+01   2.2457690e+00
   5.6000000e-02   1.2000000e+01   2.2457690e+00
   5.6100000e-02   1.1958333e+01   2.2550266e+00
   5.6200000e-02   1.1958333e+01   2.2550266e+00
   5.6300000e-02   1.1958333e+01   2.2550266e+00
   5.6400000e-02   1.1958333e+01   2.2550266e+00
   5.6500000e-02   1.1958333e+01   2.2550266e+00
   5.6600000e-02   1.1875000e+01   2.2710369e+00
   5.6700000e-02   1.1875000e+01   2.2710369e+00
   5.6800000e-02   1.1750000e+01   2.3078317e+00
   5.6900000e-02   1.1750000e+01   2.3078317e+00
   5.7000000e-02   1.1666667e+01   2.3156681e+00
   5.7100000e-02   1.1625000e+01   2.2805892e+00
   5.7200000e-02   1.1625000e+01   2.2805892e+00
   5.7300000e-02   1.1583333e+01   2.2825742e+00
   5.7400000e-02   1.1583333e+01   2.2825742e+00
   5.7500000e-02   1.1583333e+01   2.2825742e+00
   5.7600000e-02   1.1583333e+01   2.2825742e+00
   5.7700000e-02   1.1500000e+01   2.3405685e+00
   5.7800000e-02   1.1458333e+01   2.3027237e+00
   5.7900000e-02   1.1416667e+01   2.2634461e+00
   5.8000000e-02   1.1416667e+01   2.2634461e+00
   5.8100000e-02   1.1416667e+01   2.2634461e+00
   5.8200000e-02   1.1416667e+01   2.2634461e+00
   5.8300000e-02   1.1416667e+01   2.2634461e+00
   5.8400000e-02   1.1416667e+01   2.2634461e+00
   5.8500000e-02   1.1375000e+01   2.3184046e+00
   5.8600000e-02   1.1333333e+01   2.2778072e+00
   5.8700000e-02   1.1333333e+01   2.2778072e+00
   5.8800000e-02   1.1333333e+01   2.2778072e+00
   5.8900000e-02   1.1333333e+01   2.2778072e+00
   5.9000000e-02   1.1291667e+01   2.2161299e+00
   5.9100000e-02   1.1250000e+01   2.2312017e+00
   5.9200000e-02   1.1208333e+01   2.2259178e+00
   5.9300000e-02   1.1208333e+01   2.2259178e+00
   5.9400000e-02   1.1166667e+01   2.0989991e+00
   5.9500000e-02   1.1125000e+01   2.0707592e+00
   5.9600000e-02   1.1125000e+01   2.0707592e+00
   5.9700000e-02   1.1125000e+01   2.0707592e+00
   5.9800000e-02   1.1125000e+01   2.0707592e+00
   5.9900000e-02   1.1125000e+01   2.0707592e+00
   6.0000000e-02   1.1125000e+01   2.0707592e+00
   6.0100000e-02   1.1083333e+01   2.0834058e+00
   6.0200000e-02   1.1083333e+01   2.0834058e+00
   6.0300000e-02   1.1083333e+01   2.0834058e+00
   6.0400000e-02   1.1041667e+01   2.0742556e+00
   6.0500000e-02   1.1000000e+01   2.0430157e+00
   6.0600000e-02   1.1000000e+01   2.0430157e+00
   6.0700000e-02   1.1000000e+01   2.0430157e+00
   6.0800000e-02   1.0916667e+01   1.8630659e+00
   6.0900000e-02   1.0833333e+01   1.9486153e+00
   6.1000000e-02   1.0833333e+01   1.9486153e+00
   6.1100000e-02   1.0833333e+01   1.9486153e+00
   6.1200000e-02   1.0833333e+01   1.9486153e+00
   6.1300000e-02   1.0833333e+01   1.9486153e+00
   6.1400000e-02   1.0750000e+01   1.9392962e+00
   6.1500000e-02   1.0708333e+01   2.0103897e+00
   6.1600000e-02   1.0666667e+01   2.0359095e+00
   6.1700000e-02   1.0666667e+01   2.0359095e+00
   6.1800000e-02   1.0666667e+01   2.0359095e+00
   6.1900000e-02   1.0625000e+01   1.9959198e+00
   6.2000000e-02   1.0583333e+01   1.9541854e+00
   6.2100000e-02   1.0541667e+01   1.9995471e+00
   6.2200000e-02   1.0541667e+01   1.9995471e+00
   6.2300000e-02   1.0500000e+01   1.8881783e+00
   6.2400000e-02   1.0500000e+01   1.8881783e+00
   6.2500000e-02   1.0500000e+01   1.8881783e+00
   6.2600000e-02   1.0458333e+01   1.9105921e+00
   6.2700000e-02   1.0458333e+01   1.9105921e+00
   6.2800000e-02   1.0458333e+01   1.9105921e+00
   6.2900000e-02   1.0458333e+01   1.9105921e+00
   6.3000000e-02   1.0458333e+01   1.9105921e+00
   6.3100000e-02   1.0416667e+01   1.9318085e+00
   6.3200000e-02   1.0416667e+01   1.9318085e+00
   6.3300000e-02   1.0416667e+01   1.9318085e+00
   6.3400000e-02   1.0416667e+01   1.9318085e+00
   6.3500000e-02   1.0416667e+01   1.9318085e+00
   6.3600000e-02   1.0375000e+01   1.8371173e+00
   6.3700000e-02   1.0333333e+01   1.8097962e+00
   6.3800000e-02   1.0333333e+01   1.8097962e+00
   6.3900000e-02   1.0333333e+01   1.8097962e+00
   6.4000000e-02   1.0291667e+01   1.7810394e+00
   6.4100000e-02   1.0291667e+01   1.7810394e+00
   6.4200000e-02   1.0291667e+01   1.7810394e+00
   6.4300000e-02   1.0291667e+01   1.7810394e+00
   6.4400000e-02   1.0291667e+01   1.7810394e+00
   6.4500000e-02   1.0250000e+01   1.7754363e+00
   6.4600000e-02   1.0250000e+01   1.7754363e+00
   6.4700000e-02   1.0208333e+01   1.7687914e+00
   6.4800000e-02   1.0166667e+01   1.7110045e+00
   6.4900000e-02   1.0166667e+01   1.7110045e+00
   6.5000000e-02   1.0166667e+01   1.7110045e+00
   6.5100000e-02   1.0166667e+01   1.7110045e+00
   6.5200000e-02   1.0166667e+01   1.7110045e+00
   6.5300000e-02   1.0166667e+01   1.7110045e+00
   6.5400000e-02   1.0166667e+01   1.7110045e+00
   6.5500000e-02   1.0166667e+01   1.7110045e+00
   6.5600000e-02   1.0166667e+01   1.7110045e+00
   6.5700000e-02   1.0125000e+01   1.7019809e+00
   6.5800000e-02   1.0125000e+01   1.7019809e+00
   6.5900000e-02   1.0125000e+01   1.7019809e+00
   6.6000000e-02   1.0083333e+01   1.6659419e+00
   6.6100000e-02   1.0083333e+01   1.6659419e+00
   6.6200000e-02   1.0041667e+01   1.6805581e+00
   6.6300000e-02   1.0041667e+01   1.6805581e+00
   6.6400000e-02   1.0041667e+01   1.6805581e+00
   6.6500000e-02   1.0041667e+01   1.6805581e+00
   6.6600000e-02   1.0000000e+01   1.6418441e+00
   6.6700000e-02   9.9583333e+00   1.6010640e+00
   6.6800000e-02   9.9583333e+00   1.6010640e+00
   6.6900000e-02   9.9583333e+00   1.6010640e+00
   6.7000000e-02   9.9583333e+00   1.6010640e+00
   6.7100000e-02   9.9583333e+00   1.6010640e+00
   6.7200000e-02   9.9583333e+00   1.6010640e+00
   6.7300000e-02   9.9583333e+00   1.6010640e+00
   6.7400000e-02   9.9583333e+00   1.6010640e+00
   6.7500000e-02   9.9166667e+00   1.5580553e+00
   6.7600000e-02   9.9166667e+00   1.5580553e+00
   6.7700000e-02   9.8750000e+00   1.5690623e+00
   6.7800000e-02   9.8750000e+00   1.5690623e+00
   6.7900000e-02   9.8750000e+00   1.5690623e+00
   6.8000000e-02   9.8750000e+00   1.5690623e+00
   6.8100000e-02   9.8750000e+00   1.5690623e+00
   6.8200000e-02   9.8750000e+00   1.5690623e+00
   6.8300000e-02   9.8333333e+00   1.4645571e+00
   6.8400000e-02   9.8333333e+00   1.4645571e+00
   6.8500000e-02   9.8333333e+00   1.4645571e+00
   6.8600000e-02   9.8333333e+00   1.4645571e+00
   6.8700000e-02   9.8333333e+00   1.4645571e+00
   6.8800000e-02   9.8333333e+00   1.4645571e+00
   6.8900000e-02   9.8333333e+00   1.4645571e+00
   6.9000000e-02   9.7916667e+00   1.4440031e+00
   6.9100000e-02   9.7500000e+00   1.4218787e+00
   6.9200000e-02   9.7500000e+00   1.4218787e+00
   6.9300000e-02   9.7500000e+00   1.4218787e+00
   6.9400000e-02   9.7083333e+00   1.3666578e+00
   6.9500000e-02   9.7083333e+00   1.3666578e+00
   6.9600000e-02   9.6250000e+00   1.3125647e+00
   6.9700000e-02   9.5833333e+00   1.3160107e+00
   6.9800000e-02   9.5416667e+00   1.3824731e+00
   6.9900000e-02   9.5416667e+00   1.3824731e+00
   7.0000000e-02   9.5416667e+00   1.3824731e+00
   7.0100000e-02   9.5416667e+00   1.3824731e+00
   7.0200000e-02   9.5416667e+00   1.3824731e+00
   7.0300000e-02   9.5000000e+00   1.4142136e+00
   7.0400000e-02   9.5000000e+00   1.4142136e+00
   7.0500000e-02   9.5000000e+00   1.4142136e+00
   7.0600000e-02   9.5000000e+00   1.4142136e+00
   7.0700000e-02   9.5000000e+00   1.4142136e+00
   7.0800000e-02   9.5000000e+00   1.4142136e+00
   7.0900000e-02   9.4166667e+00   1.3486440e+00
   7.1000000e-02   9.4166667e+00   1.3486440e+00
   7.1100000e-02   9.4166667e+00   1.3486440e+00
   7.1200000e-02   9.4166667e+00   1.3486440e+00
   7.1300000e-02   9.3750000e+00   1.3452816e+00
   7.1400000e-02   9.3333333e+00   1.3405601e+00
   7.1500000e-02   9.3333333e+00   1.3405601e+00
   7.1600000e-02   9.2916667e+00   1.3014763e+00
   7.1700000e-02   9.2916667e+00   1.3014763e+00
   7.1800000e-02   9.2500000e+00   1.3269776e+00
   7.1900000e-02   9.2500000e+00   1.3269776e+00
   7.2000000e-02   9.2500000e+00   1.3269776e+00
   7.2100000e-02   9.2083333e+00   1.2846643e+00
   7.2200000e-02   9.2083333e+00   1.2846643e+00
   7.2300000e-02   9.2083333e+00   1.2846643e+00
   7.2400000e-02   9.2083333e+00   1.2846643e+00
   7.2500000e-02   9.2083333e+00   1.2846643e+00
   7.2600000e-02   9.1666667e+00   1.3405601e+00
   7.2700000e-02   9.1666667e+00   1.3405601e+00
   7.2800000e-02   9.1250000e+00   1.3290238e+00
   7.2900000e-02   9.1250000e+00   1.3290238e+00
   7.3000000e-02   9.0833333e+00   1.3160107e+00
   7.3100000e-02   9.0833333e+00   1.3160107e+00
   7.3200000e-02   9.0833333e+00   1.3160107e+00
   7.3300000e-02   9.0833333e+00   1.3160107e+00
   7.3400000e-02   9.0833333e+00   1.3160107e+00
   7.3500000e-02   9.0833333e+00   1.3160107e+00
   7.3600000e-02   9.0416667e+00   1.3344651e+00
   7.3700000e-02   9.0416667e+00   1.3344651e+00
   7.3800000e-02   9.0416667e+00   1.3344651e+00
   7.3900000e-02   9.0416667e+00   1.3344651e+00
   7.4000000e-02   9.0416667e+00   1.3344651e+00
   7.4100000e-02   9.0416667e+00   1.3344651e+00
   7.4200000e-02   9.0416667e+00   1.3344651e+00
   7.4300000e-02   9.0416667e+00   1.3344651e+00
   7.4400000e-02   9.0416667e+00   1.3344651e+00
   7.4500000e-02   9.0416667e+00   1.3344651e+00
   7.4600000e-02   9.0000000e+00   1.2853692e+00
   7.4700000e-02   8.9583333e+00   1.3014763e+00
   7.4800000e-02   8.9583333e+00   1.3014763e+00
   7.4900000e-02   8.9583333e+00   1.3014763e+00
   7.5000000e-02   8.9583333e+00   1.3014763e+00
   7.5100000e-02   8.9583333e+00   1.3014763e+00
   7.5200000e-02   8.9583333e+00   1.3014763e+00
   7.5300000e-02   8.9583333e+00   1.3014763e+00
   7.5400000e-02   8.9583333e+00   1.3014763e+00
   7.5500000e-02   8.9583333e+00   1.3014763e+00
   7.5600000e-02   8.9166667e+00   1.3160107e+00
   7.5700000e-02   8.8750000e+00   1.3290238e+00
   7.5800000e-02   8.8750000e+00   1.3290238e+00
   7.5900000e-02   8.8750000e+00   1.3290238e+00
   7.6000000e-02   8.8750000e+00   1.3290238e+00
   7.6100000e-02   8.8750000e+00   1.3290238e+00
   7.6200000e-02   8.8750000e+00   1.3290238e+00
   7.6300000e-02   8.8750000e+00   1.3290238e+00
   7.6400000e-02   8.8333333e+00   1.3077251e+00
   7.6500000e-02   8.7916667e+00   1.3180739e+00
   7.6600000e-02   8.7500000e+00   1.3593477e+00
   7.6700000e-02   8.7500000e+00   1.3593477e+00
   7.6800000e-02   8.7500000e+00   1.3593477e+00
   7.6900000e-02   8.7083333e+00   1.3344651e+00
   7.7000000e-02   8.7083333e+00   1.3344651e+00
   7.7100000e-02   8.7083333e+00   1.3344651e+00
   7.7200000e-02   8.7083333e+00   1.3344651e+00
   7.7300000e-02   8.7083333e+00   1.3344651e+00
   7.7400000e-02   8.7083333e+00   1.3344651e+00
   7.7500000e-02   8.7083333e+00   1.3344651e+00
   7.7600000e-02   8.7083333e+00   1.3344651e+00
   7.7700000e-02   8.7083333e+00   1.3344651e+00
   7.7800000e-02   8.7083333e+00   1.3344651e+00
   7.7900000e-02   8.7083333e+00   1.3344651e+00
   7.8000000e-02   8.7083333e+00   1.3344651e+00
   7.8100000e-02   8.7083333e+00   1.3344651e+00
   7.8200000e-02   8.6666667e+00   1.3405601e+00
   7.8300000e-02   8.6250000e+00   1.3452816e+00
   7.8400000e-02   8.6250000e+00   1.3452816e+00
   7.8500000e-02   8.6250000e+00   1.3452816e+00
   7.8600000e-02   8.6250000e+00   1.3452816e+00
   7.8700000e-02   8.6250000e+00   1.3452816e+00
   7.8800000e-02   8.5833333e+00   1.4116493e+00
   7.8900000e-02   8.5833333e+00   1.4116493e+00
   7.9000000e-02   8.5416667e+00   1.4135729e+00
   7.9100000e-02   8.5416667e+00   1.4135729e+00
   7.9200000e-02   8.5000000e+00   1.4142136e+00
   7.9300000e-02   8.5000000e+00   1.4142136e+00
   7.9400000e-02   8.4583333e+00   1.3824731e+00
   7.9500000e-02   8.4583333e+00   1.3824731e+00
   7.9600000e-02   8.4583333e+00   1.3824731e+00
   7.9700000e-02   8.4583333e+00   1.3824731e+00
   7.9800000e-02   8.4166667e+00   1.4116493e+00
   7.9900000e-02   8.4166667e+00   1.4116493e+00
   8.0000000e-02   8.3750000e+00   1.4389761e+00
   8.0100000e-02   8.3750000e+00   1.4389761e+00
   8.0200000e-02   8.3750000e+00   1.4389761e+00
   8.0300000e-02   8.3750000e+00   1.4389761e+00
   8.0400000e-02   8.2916667e+00   1.3981095e+00
   8.0500000e-02   8.2916667e+00   1.3981095e+00
   8.0600000e-02   8.2916667e+00   1.3981095e+00
   8.0700000e-02   8.2500000e+00   1.3593477e+00
   8.0800000e-02   8.2500000e+00   1.3593477e+00
   8.0900000e-02   8.2500000e+00   1.3593477e+00
   8.1000000e-02   8.2083333e+00   1.4135729e+00
   8.1100000e-02   8.2083333e+00   1.4135729e+00
   8.1200000e-02   8.2083333e+00   1.4135729e+00
   8.1300000e-02   8.2083333e+00   1.4135729e+00
   8.1400000e-02   8.2083333e+00   1.4135729e+00
   8.1500000e-02   8.1666667e+00   1.3726099e+00
   8.1600000e-02   8.1666667e+00   1.3726099e+00
   8.1700000e-02   8.1666667e+00   1.3726099e+00
   8.1800000e-02   8.1666667e+00   1.3726099e+00
   8.1900000e-02   8.1666667e+00   1.3726099e+00
   8.2000000e-02   8.1666667e+00   1.3726099e+00
   8.2100000e-02   8.1666667e+00   1.3726099e+00
   8.2200000e-02   8.0833333e+00   1.4421200e+00
   8.2300000e-02   8.0833333e+00   1.4421200e+00
   8.2400000e-02   8.0833333e+00   1.4421200e+00
   8.2500000e-02   8.0833333e+00   1.4421200e+00
   8.2600000e-02   8.0833333e+00   1.4421200e+00
   8.2700000e-02   8.0833333e+00   1.4421200e+00
   8.2800000e-02   8.0833333e+00   1.4421200e+00
   8.2900000e-02   8.0833333e+00   1.4421200e+00
   8.3000000e-02   8.0833333e+00   1.4421200e+00
   8.3100000e-02   8.0416667e+00   1.4288690e+00
   8.3200000e-02   8.0416667e+00   1.4288690e+00
   8.3300000e-02   8.0416667e+00   1.4288690e+00
   8.3400000e-02   8.0000000e+00   1.3831281e+00
   8.3500000e-02   8.0000000e+00   1.3831281e+00
   8.3600000e-02   8.0000000e+00   1.3831281e+00
   8.3700000e-02   8.0000000e+00   1.3831281e+00
   8.3800000e-02   8.0000000e+00   1.3831281e+00
   8.3900000e-02   8.0000000e+00   1.3831281e+00
   8.4000000e-02   7.9583333e+00   1.3666578e+00
   8.4100000e-02   7.9583333e+00   1.3666578e+00
   8.4200000e-02   7.9166667e+00   1.3486440e+00
   8.4300000e-02   7.9166667e+00   1.3486440e+00
   8.4400000e-02   7.9166667e+00   1.3486440e+00
   8.4500000e-02   7.8750000e+00   1.3929169e+00
   8.4600000e-02   7.8333333e+00   1.3726099e+00
   8.4700000e-02   7.7916667e+00   1.4440031e+00
   8.4800000e-02   7.7500000e+00   1.4521349e+00
   8.4900000e-02   7.7500000e+00   1.4521349e+00
   8.5000000e-02   7.7083333e+00   1.3344651e+00
   8.5100000e-02   7.7083333e+00   1.3344651e+00
   8.5200000e-02   7.6666667e+00   1.3726099e+00
   8.5300000e-02   7.6666667e+00   1.3726099e+00
   8.5400000e-02   7.6666667e+00   1.3726099e+00
   8.5500000e-02   7.6666667e+00   1.3726099e+00
   8.5600000e-02   7.6666667e+00   1.3726099e+00
   8.5700000e-02   7.6666667e+00   1.3726099e+00
   8.5800000e-02   7.6666667e+00   1.3726099e+00
   8.5900000e-02   7.6666667e+00   1.3726099e+00
   8.6000000e-02   7.6666667e+00   1.3726099e+00
   8.6100000e-02   7.5833333e+00   1.2825473e+00
   8.6200000e-02   7.5833333e+00   1.2825473e+00
   8.6300000e-02   7.5833333e+00   1.2825473e+00
   8.6400000e-02   7.5833333e+00   1.2825473e+00
   8.6500000e-02   7.5833333e+00   1.2825473e+00
   8.6600000e-02   7.5416667e+00   1.3506574e+00
   8.6700000e-02   7.5000000e+00   1.3513278e+00
   8.6800000e-02   7.5000000e+00   1.3513278e+00
   8.6900000e-02   7.3750000e+00   1.5269321e+00
   8.7000000e-02   7.3750000e+00   1.5269321e+00
   8.7100000e-02   7.3750000e+00   1.5269321e+00
   8.7200000e-02   7.3750000e+00   1.5269321e+00
   8.7300000e-02   7.3750000e+00   1.5269321e+00
   8.7400000e-02   7.3750000e+00   1.5269321e+00
   8.7500000e-02   7.3750000e+00   1.5269321e+00
   8.7600000e-02   7.3750000e+00   1.5269321e+00
   8.7700000e-02   7.3333333e+00   1.5510632e+00
   8.7800000e-02   7.3333333e+00   1.5510632e+00
   8.7900000e-02   7.3333333e+00   1.5510632e+00
   8.8000000e-02   7.3333333e+00   1.5510632e+00
   8.8100000e-02   7.3333333e+00   1.5510632e+00
   8.8200000e-02   7.3333333e+00   1.5510632e+00
   8.8300000e-02   7.2916667e+00   1.5174110e+00
   8.8400000e-02   7.2916667e+00   1.5174110e+00
   8.8500000e-02   7.2916667e+00   1.5174110e+00
   8.8600000e-02   7.2916667e+00   1.5174110e+00
   8.8700000e-02   7.2916667e+00   1.5174110e+00
   8.8800000e-02   7.2916667e+00   1.5174110e+00
   8.8900000e-02   7.2916667e+00   1.5174110e+00
   8.9000000e-02   7.2916667e+00   1.5174110e+00
   8.9100000e-02   7.2500000e+00   1.4817733e+00
   8.9200000e-02   7.2500000e+00   1.4817733e+00
   8.9300000e-02   7.2500000e+00   1.4817733e+00
   8.9400000e-02   7.2500000e+00   1.4817733e+00
   8.9500000e-02   7.2083333e+00   1.5030163e+00
   8.9600000e-02   7.2083333e+00   1.5030163e+00
   8.9700000e-02   7.1666667e+00   1.4039282e+00
   8.9800000e-02   7.1666667e+00   1.4039282e+00
   8.9900000e-02   7.1666667e+00   1.4039282e+00
   9.0000000e-02   7.1666667e+00   1.4039282e+00
   9.0100000e-02   7.1666667e+00   1.4039282e+00
   9.0200000e-02   7.1666667e+00   1.4039282e+00
   9.0300000e-02   7.1666667e+00   1.4039282e+00
   9.0400000e-02   7.1666667e+00   1.4039282e+00
   9.0500000e-02   7.0833333e+00   1.3805061e+00
   9.0600000e-02   7.0833333e+00   1.3805061e+00
   9.0700000e-02   7.0833333e+00   1.3805061e+00
   9.0800000e-02   7.0416667e+00   1.3981095e+00
   9.0900000e-02   7.0416667e+00   1.3981095e+00
   9.1000000e-02   7.0416667e+00   1.3981095e+00
   9.1100000e-02   7.0416667e+00   1.3981095e+00
   9.1200000e-02   7.0416667e+00   1.3981095e+00
   9.1300000e-02   7.0416667e+00   1.3981095e+00
   9.1400000e-02   7.0416667e+00   1.3981095e+00
   9.1500000e-02   6.9583333e+00   1.3981095e+00
   9.1600000e-02   6.9583333e+00   1.3981095e+00
   9.1700000e-02   6.9583333e+00   1.3981095e+00
   9.1800000e-02   6.9166667e+00   1.3805061e+00
   9.1900000e-02   6.9166667e+00   1.3805061e+00
   9.2000000e-02   6.9166667e+00   1.3805061e+00
   9.2100000e-02   6.9166667e+00   1.3805061e+00
   9.2200000e-02   6.9166667e+00   1.3805061e+00
   9.2300000e-02   6.9166667e+00   1.3805061e+00
   9.2400000e-02   6.8750000e+00   1.3929169e+00
   9.2500000e-02   6.8750000e+00   1.3929169e+00
   9.2600000e-02   6.8750000e+00   1.3929169e+00
   9.2700000e-02   6.8750000e+00   1.3929169e+00
   9.2800000e-02   6.8750000e+00   1.3929169e+00
   9.2900000e-02   6.8750000e+00   1.3929169e+00
   9.3000000e-02   6.8333333e+00   1.4345630e+00
   9.3100000e-02   6.8333333e+00   1.4345630e+00
   9.3200000e-02   6.8333333e+00   1.4345630e+00
   9.3300000e-02   6.8333333e+00   1.4345630e+00
   9.3400000e-02   6.7916667e+00   1.4738051e+00
   9.3500000e-02   6.7916667e+00   1.4738051e+00
   9.3600000e-02   6.7916667e+00   1.4738051e+00
   9.3700000e-02   6.7500000e+00   1.4521349e+00
   9.3800000e-02   6.7083333e+00   1.3666578e+00
   9.3900000e-02   6.7083333e+00   1.3666578e+00
   9.4000000e-02   6.6666667e+00   1.4039282e+00
   9.4100000e-02   6.6250000e+00   1.3772215e+00
   9.4200000e-02   6.6250000e+00   1.3772215e+00
   9.4300000e-02   6.5833333e+00   1.3805061e+00
   9.4400000e-02   6.5416667e+00   1.3506574e+00
   9.4500000e-02   6.5416667e+00   1.3506574e+00
   9.4600000e-02   6.5416667e+00   1.3506574e+00
   9.4700000e-02   6.5416667e+00   1.3506574e+00
   9.4800000e-02   6.5416667e+00   1.3506574e+00
   9.4900000e-02   6.4583333e+00   1.4135729e+00
   9.5000000e-02   6.4583333e+00   1.4135729e+00
   9.5100000e-02   6.4583333e+00   1.4135729e+00
   9.5200000e-02   6.4583333e+00   1.4135729e+00
   9.5300000e-02   6.4583333e+00   1.4135729e+00
   9.5400000e-02   6.4583333e+00   1.4135729e+00
   9.5500000e-02   6.4583333e+00   1.4135729e+00
   9.5600000e-02   6.4166667e+00   1.4421200e+00
   9.5700000e-02   6.3750000e+00   1.4389761e+00
   9.5800000e-02   6.3333333e+00   1.4645571e+00
   9.5900000e-02   6.3333333e+00   1.4645571e+00
   9.6000000e-02   6.3333333e+00   1.4645571e+00
   9.6100000e-02   6.3333333e+00   1.4645571e+00
   9.6200000e-02   6.3333333e+00   1.4645571e+00
   9.6300000e-02   6.3333333e+00   1.4645571e+00
   9.6400000e-02   6.3333333e+00   1.4645571e+00
   9.6500000e-02   6.3333333e+00   1.4645571e+00
   9.6600000e-02   6.3333333e+00   1.4645571e+00
   9.6700000e-02   6.3333333e+00   1.4645571e+00
   9.6800000e-02   6.3333333e+00   1.4645571e+00
   9.6900000e-02   6.2916667e+00   1.3981095e+00
   9.7000000e-02   6.2500000e+00   1.4218787e+00
   9.7100000e-02   6.2500000e+00   1.4218787e+00
   9.7200000e-02   6.2500000e+00   1.4218787e+00
   9.7300000e-02   6.2083333e+00   1.3824731e+00
   9.7400000e-02   6.1666667e+00   1.4345630e+00
   9.7500000e-02   6.1666667e+00   1.4345630e+00
   9.7600000e-02   6.0833333e+00   1.4421200e+00
   9.7700000e-02   6.0833333e+00   1.4421200e+00
   9.7800000e-02   6.0416667e+00   1.4288690e+00
   9.7900000e-02   6.0416667e+00   1.4288690e+00
   9.8000000e-02   6.0416667e+00   1.4288690e+00
   9.8100000e-02   6.0416667e+00   1.4288690e+00
   9.8200000e-02   6.0416667e+00   1.4288690e+00
   9.8300000e-02   6.0416667e+00   1.4288690e+00
   9.8400000e-02   6.0000000e+00   1.4744196e+00
   9.8500000e-02   5.9583333e+00   1.4884824e+00
   9.8600000e-02   5.9166667e+00   1.4421200e+00
   9.8700000e-02   5.9166667e+00   1.4421200e+00
   9.8800000e-02   5.9166667e+00   1.4421200e+00
   9.8900000e-02   5.9166667e+00   1.4421200e+00
   9.9000000e-02   5.9166667e+00   1.4421200e+00
   9.9100000e-02   5.9166667e+00   1.4421200e+00
   9.9200000e-02   5.9166667e+00   1.4421200e+00
   9.9300000e-02   5.9166667e+00   1.4421200e+00
   9.9400000e-02   5.9166667e+00   1.4421200e+00
   9.9500000e-02   5.8750000e+00   1.3929169e+00
   9.9600000e-02   5.8750000e+00   1.3929169e+00
   9.9700000e-02   5.8333333e+00   1.3726099e+00
   9.9800000e-02   5.8333333e+00   1.3726099e+00
   9.9900000e-02   5.8333333e+00   1.3726099e+00
   1.0000000e-01   5.8333333e+00   1.3726099e+00
