   1.0000000e-08   6.0197531e+02
   1.0328281e-08   6.0197450e+02
   1.0667339e-08   6.0197366e+02
   1.1017528e-08   6.0197279e+02
   1.1379213e-08   6.0197190e+02
   1.1752771e-08   6.0197098e+02
   1.2138593e-08   6.0197003e+02
   1.2537080e-08   6.0196904e+02
   1.2948649e-08   6.0196803e+02
   1.3373729e-08   6.0196698e+02
   1.3812763e-08   6.0196589e+02
   1.4266210e-08   6.0196477e+02
   1.4734543e-08   6.0196362e+02
   1.5218251e-08   6.0196242e+02
   1.5717837e-08   6.0196119e+02
   1.6233824e-08   6.0195991e+02
   1.6766750e-08   6.0195860e+02
   1.7317171e-08   6.0195724e+02
   1.7885662e-08   6.0195584e+02
   1.8472814e-08   6.0195439e+02
   1.9079242e-08   6.0195289e+02
   1.9705578e-08   6.0195134e+02
   2.0352475e-08   6.0194974e+02
   2.1020609e-08   6.0194809e+02
   2.1710676e-08   6.0194639e+02
   2.2423397e-08   6.0194463e+02
   2.3159515e-08   6.0194281e+02
   2.3919798e-08   6.0194094e+02
   2.4705041e-08   6.0193900e+02
   2.5516061e-08   6.0193700e+02
   2.6353705e-08   6.0193493e+02
   2.7218848e-08   6.0193279e+02
   2.8112392e-08   6.0193058e+02
   2.9035269e-08   6.0192831e+02
   2.9988442e-08   6.0192595e+02
   3.0972907e-08   6.0192352e+02
   3.1989689e-08   6.0192101e+02
   3.3039851e-08   6.0191842e+02
   3.4124487e-08   6.0191574e+02
   3.5244730e-08   6.0191297e+02
   3.6401748e-08   6.0191012e+02
   3.7596750e-08   6.0190717e+02
   3.8830980e-08   6.0190412e+02
   4.0105729e-08   6.0190097e+02
   4.1422325e-08   6.0189772e+02
   4.2782142e-08   6.0189437e+02
   4.4186600e-08   6.0189090e+02
   4.5637163e-08   6.0188732e+02
   4.7135345e-08   6.0188362e+02
   4.8682710e-08   6.0187980e+02
   5.0280873e-08   6.0187585e+02
   5.1931499e-08   6.0187178e+02
   5.3636313e-08   6.0186757e+02
   5.5397093e-08   6.0186322e+02
   5.7215676e-08   6.0185873e+02
   5.9093959e-08   6.0185409e+02
   6.1033903e-08   6.0184930e+02
   6.3037532e-08   6.0184436e+02
   6.5106936e-08   6.0183925e+02
   6.7244274e-08   6.0183397e+02
   6.9451778e-08   6.0182852e+02
   7.1731749e-08   6.0182290e+02
   7.4086568e-08   6.0181708e+02
   7.6518692e-08   6.0181108e+02
   7.9030657e-08   6.0180488e+02
   8.1625085e-08   6.0179847e+02
   8.4304684e-08   6.0179186e+02
   8.7072248e-08   6.0178503e+02
   8.9930667e-08   6.0177797e+02
   9.2882923e-08   6.0177068e+02
   9.5932095e-08   6.0176316e+02
   9.9081366e-08   6.0175538e+02
   1.0233402e-07   6.0174736e+02
   1.0569346e-07   6.0173906e+02
   1.0916317e-07   6.0173050e+02
   1.1274680e-07   6.0172165e+02
   1.1644806e-07   6.0171252e+02
   1.2027083e-07   6.0170308e+02
   1.2421910e-07   6.0169334e+02
   1.2829698e-07   6.0168328e+02
   1.3250873e-07   6.0167288e+02
   1.3685874e-07   6.0166215e+02
   1.4135156e-07   6.0165106e+02
   1.4599187e-07   6.0163961e+02
   1.5078450e-07   6.0162778e+02
   1.5573448e-07   6.0161556e+02
   1.6084695e-07   6.0160295e+02
   1.6612725e-07   6.0158992e+02
   1.7158090e-07   6.0157646e+02
   1.7721358e-07   6.0156256e+02
   1.8303117e-07   6.0154821e+02
   1.8903974e-07   6.0153338e+02
   1.9524556e-07   6.0151807e+02
   2.0165510e-07   6.0150225e+02
   2.0827506e-07   6.0148592e+02
   2.1511234e-07   6.0146905e+02
   2.2217408e-07   6.0145163e+02
   2.2946764e-07   6.0143364e+02
   2.3700063e-07   6.0141506e+02
   2.4478092e-07   6.0139586e+02
   2.5281661e-07   6.0137604e+02
   2.6111611e-07   6.0135557e+02
   2.6968806e-07   6.0133443e+02
   2.7854142e-07   6.0131259e+02
   2.8768541e-07   6.0129004e+02
   2.9712958e-07   6.0126674e+02
   3.0688379e-07   6.0124269e+02
   3.1695821e-07   6.0121784e+02
   3.2736335e-07   6.0119219e+02
   3.3811008e-07   6.0116569e+02
   3.4920960e-07   6.0113832e+02
   3.6067350e-07   6.0111005e+02
   3.7251373e-07   6.0108086e+02
   3.8474266e-07   6.0105071e+02
   3.9737304e-07   6.0101957e+02
   4.1041805e-07   6.0098742e+02
   4.2389131e-07   6.0095420e+02
   4.3780686e-07   6.0091990e+02
   4.5217924e-07   6.0088448e+02
   4.6702344e-07   6.0084790e+02
   4.8235494e-07   6.0081011e+02
   4.9818975e-07   6.0077109e+02
   5.1454439e-07   6.0073080e+02
   5.3143592e-07   6.0068918e+02
   5.4888196e-07   6.0064620e+02
   5.6690073e-07   6.0060181e+02
   5.8551102e-07   6.0055596e+02
   6.0473224e-07   6.0050862e+02
   6.2458447e-07   6.0045973e+02
   6.4508841e-07   6.0040923e+02
   6.6626545e-07   6.0035708e+02
   6.8813770e-07   6.0030323e+02
   7.1072797e-07   6.0024761e+02
   7.3405984e-07   6.0019017e+02
   7.5815765e-07   6.0013085e+02
   7.8304654e-07   6.0006960e+02
   8.0875249e-07   6.0000633e+02
   8.3530232e-07   5.9994100e+02
   8.6272373e-07   5.9987353e+02
   8.9104533e-07   5.9980386e+02
   9.2029668e-07   5.9973190e+02
   9.5050830e-07   5.9965760e+02
   9.8171170e-07   5.9958086e+02
   1.0139395e-06   5.9950161e+02
   1.0472252e-06   5.9941978e+02
   1.0816036e-06   5.9933527e+02
   1.1171107e-06   5.9924800e+02
   1.1537833e-06   5.9915788e+02
   1.1916598e-06   5.9906481e+02
   1.2307798e-06   5.9896871e+02
   1.2711840e-06   5.9886947e+02
   1.3129146e-06   5.9876698e+02
   1.3560151e-06   5.9866116e+02
   1.4005305e-06   5.9855188e+02
   1.4465073e-06   5.9843903e+02
   1.4939935e-06   5.9832250e+02
   1.5430385e-06   5.9820217e+02
   1.5936935e-06   5.9807792e+02
   1.6460115e-06   5.9794961e+02
   1.7000470e-06   5.9781713e+02
   1.7558563e-06   5.9768032e+02
   1.8134978e-06   5.9753906e+02
   1.8730315e-06   5.9739320e+02
   1.9345197e-06   5.9724259e+02
   1.9980263e-06   5.9708708e+02
   2.0636178e-06   5.9692650e+02
   2.1313625e-06   5.9676070e+02
   2.2013311e-06   5.9658951e+02
   2.2735967e-06   5.9641275e+02
   2.3482346e-06   5.9623025e+02
   2.4253227e-06   5.9604181e+02
   2.5049415e-06   5.9584726e+02
   2.5871741e-06   5.9564638e+02
   2.6721062e-06   5.9543899e+02
   2.7598264e-06   5.9522487e+02
   2.8504263e-06   5.9500380e+02
   2.9440005e-06   5.9477556e+02
   3.0406465e-06   5.9453993e+02
   3.1404652e-06   5.9429666e+02
   3.2435608e-06   5.9404551e+02
   3.3500408e-06   5.9378624e+02
   3.4600164e-06   5.9351858e+02
   3.5736022e-06   5.9324226e+02
   3.6909169e-06   5.9295701e+02
   3.8120828e-06   5.9266254e+02
   3.9372263e-06   5.9235857e+02
   4.0664781e-06   5.9204479e+02
   4.1999729e-06   5.9172089e+02
   4.3378502e-06   5.9138655e+02
   4.4802537e-06   5.9104144e+02
   4.6273320e-06   5.9068522e+02
   4.7792386e-06   5.9031754e+02
   4.9361321e-06   5.8993804e+02
   5.0981761e-06   5.8954635e+02
   5.2655396e-06   5.8914208e+02
   5.4383974e-06   5.8872484e+02
   5.6169298e-06   5.8829423e+02
   5.8013231e-06   5.8784982e+02
   5.9917697e-06   5.8739119e+02
   6.1884682e-06   5.8691790e+02
   6.3916241e-06   5.8642948e+02
   6.6014491e-06   5.8592547e+02
   6.8181623e-06   5.8540539e+02
   7.0419898e-06   5.8486873e+02
   7.2731651e-06   5.8431500e+02
   7.5119295e-06   5.8374365e+02
   7.7585321e-06   5.8315416e+02
   8.0132301e-06   5.8254597e+02
   8.2762895e-06   5.8191850e+02
   8.5479845e-06   5.8127117e+02
   8.8285988e-06   5.8060337e+02
   9.1184252e-06   5.7991449e+02
   9.4177660e-06   5.7920388e+02
   9.7269336e-06   5.7847089e+02
   1.0046251e-05   5.7771485e+02
   1.0376050e-05   5.7693507e+02
   1.0716676e-05   5.7613083e+02
   1.1068485e-05   5.7530142e+02
   1.1431843e-05   5.7444607e+02
   1.1807128e-05   5.7356403e+02
   1.2194734e-05   5.7265452e+02
   1.2595065e-05   5.7171671e+02
   1.3008537e-05   5.7074979e+02
   1.3435583e-05   5.6975291e+02
   1.3876648e-05   5.6872520e+02
   1.4332192e-05   5.6766577e+02
   1.4802691e-05   5.6657371e+02
   1.5288636e-05   5.6544809e+02
   1.5790533e-05   5.6428796e+02
   1.6308907e-05   5.6309233e+02
   1.6844298e-05   5.6186021e+02
   1.7397264e-05   5.6059058e+02
   1.7968384e-05   5.5928239e+02
   1.8558252e-05   5.5793458e+02
   1.9167485e-05   5.5654607e+02
   1.9796718e-05   5.5511573e+02
   2.0446607e-05   5.5364245e+02
   2.1117830e-05   5.5212505e+02
   2.1811089e-05   5.5056238e+02
   2.2527106e-05   5.4895322e+02
   2.3266629e-05   5.4729635e+02
   2.4030429e-05   5.4559055e+02
   2.4819303e-05   5.4383453e+02
   2.5634074e-05   5.4202702e+02
   2.6475593e-05   5.4016672e+02
   2.7344737e-05   5.3825231e+02
   2.8242413e-05   5.3628243e+02
   2.9169559e-05   5.3425574e+02
   3.0127141e-05   5.3217086e+02
   3.1116158e-05   5.3002640e+02
   3.2137643e-05   5.2782095e+02
   3.3192662e-05   5.2555310e+02
   3.4282315e-05   5.2322141e+02
   3.5407739e-05   5.2082444e+02
   3.6570109e-05   5.1836074e+02
   3.7770637e-05   5.1582886e+02
   3.9010576e-05   5.1322733e+02
   4.0291220e-05   5.1055469e+02
   4.1613906e-05   5.0780947e+02
   4.2980012e-05   5.0499021e+02
   4.4390965e-05   5.0209544e+02
   4.5848238e-05   4.9912372e+02
   4.7353349e-05   4.9607361e+02
   4.8907871e-05   4.9294366e+02
   5.0513425e-05   4.8973248e+02
   5.2171686e-05   4.8643867e+02
   5.3884384e-05   4.8306087e+02
   5.5653308e-05   4.7959773e+02
   5.7480302e-05   4.7604795e+02
   5.9367272e-05   4.7241026e+02
   6.1316188e-05   4.6868344e+02
   6.3329084e-05   4.6486631e+02
   6.5408059e-05   4.6095775e+02
   6.7555283e-05   4.5695669e+02
   6.9772996e-05   4.5286212e+02
   7.2063513e-05   4.4867312e+02
   7.4429223e-05   4.4438884e+02
   7.6872595e-05   4.4000850e+02
   7.9396178e-05   4.3553143e+02
   8.2002606e-05   4.3095705e+02
   8.4694598e-05   4.2628487e+02
   8.7474963e-05   4.2151455e+02
   9.0346602e-05   4.1664584e+02
   9.3312512e-05   4.1167862e+02
   9.6375787e-05   4.0661293e+02
   9.9539623e-05   4.0144895e+02
   1.0280732e-04   3.9618699e+02
   1.0618229e-04   3.9082754e+02
   1.0966806e-04   3.8537128e+02
   1.1326826e-04   3.7981906e+02
   1.1698664e-04   3.7417189e+02
   1.2082709e-04   3.6843103e+02
   1.2479362e-04   3.6259791e+02
   1.2889036e-04   3.5667419e+02
   1.3312159e-04   3.5066176e+02
   1.3749172e-04   3.4456274e+02
   1.4200532e-04   3.3837949e+02
   1.4666709e-04   3.3211462e+02
   1.5148189e-04   3.2577100e+02
   1.5645476e-04   3.1935175e+02
   1.6159088e-04   3.1286027e+02
   1.6689560e-04   3.0630025e+02
   1.7237447e-04   2.9967562e+02
   1.7803320e-04   2.9299062e+02
   1.8387770e-04   2.8624977e+02
   1.8991406e-04   2.7945789e+02
   1.9614858e-04   2.7262005e+02
   2.0258777e-04   2.6574164e+02
   2.0923835e-04   2.5882832e+02
   2.1610725e-04   2.5188604e+02
   2.2320165e-04   2.4492101e+02
   2.3052894e-04   2.3793970e+02
   2.3809677e-04   2.3094887e+02
   2.4591304e-04   2.2395550e+02
   2.5398591e-04   2.1696681e+02
   2.6232379e-04   2.0999024e+02
   2.7093539e-04   2.0303342e+02
   2.7982969e-04   1.9610419e+02
   2.8901597e-04   1.8921052e+02
   2.9850382e-04   1.8236054e+02
   3.0830315e-04   1.7556246e+02
   3.1842416e-04   1.6882461e+02
   3.2887743e-04   1.6215534e+02
   3.3967386e-04   1.5556303e+02
   3.5082471e-04   1.4905606e+02
   3.6234163e-04   1.4264272e+02
   3.7423663e-04   1.3633125e+02
   3.8652212e-04   1.3012973e+02
   3.9921091e-04   1.2404609e+02
   4.1231626e-04   1.1808803e+02
   4.2585183e-04   1.1226300e+02
   4.3983175e-04   1.0657815e+02
   4.5427060e-04   1.0104029e+02
   4.6918345e-04   9.5655849e+01
   4.8458586e-04   9.0430824e+01
   5.0049391e-04   8.5370745e+01
   5.1692419e-04   8.0480636e+01
   5.3389384e-04   7.5764979e+01
   5.5142057e-04   7.1227679e+01
   5.6952268e-04   6.6872032e+01
   5.8821904e-04   6.2700700e+01
   6.0752917e-04   5.8715687e+01
   6.2747321e-04   5.4918321e+01
   6.4807198e-04   5.1309239e+01
   6.6934697e-04   4.7888382e+01
   6.9132038e-04   4.4654992e+01
   7.1401513e-04   4.1607613e+01
   7.3745491e-04   3.8744105e+01
   7.6166417e-04   3.6061657e+01
   7.8666818e-04   3.3556813e+01
   8.1249302e-04   3.1225496e+01
   8.3916564e-04   2.9063049e+01
   8.6671388e-04   2.7064270e+01
   8.9516647e-04   2.5223461e+01
   9.2455311e-04   2.3534477e+01
   9.5490446e-04   2.1990783e+01
   9.8625218e-04   2.0585511e+01
   1.0186290e-03   1.9311522e+01
   1.0520687e-03   1.8161469e+01
   1.0866061e-03   1.7127861e+01
   1.1222774e-03   1.6203127e+01
   1.1591196e-03   1.5379682e+01
   1.1971713e-03   1.4649983e+01
   1.2364722e-03   1.4006596e+01
   1.2770633e-03   1.3442244e+01
   1.3189869e-03   1.2949861e+01
   1.3622868e-03   1.2522638e+01
   1.4070081e-03   1.2154065e+01
   1.4531975e-03   1.1837960e+01
   1.5009033e-03   1.1568501e+01
   1.5501751e-03   1.1340247e+01
   1.6010645e-03   1.1148149e+01
   1.6536244e-03   1.0987562e+01
   1.7079098e-03   1.0854245e+01
   1.7639773e-03   1.0744357e+01
   1.8218853e-03   1.0654449e+01
   1.8816944e-03   1.0581447e+01
   1.9434669e-03   1.0522639e+01
   2.0072673e-03   1.0475650e+01
   2.0731621e-03   1.0438419e+01
   2.1412202e-03   1.0409174e+01
   2.2115124e-03   1.0386409e+01
   2.2841122e-03   1.0368851e+01
   2.3590953e-03   1.0355438e+01
   2.4365400e-03   1.0345292e+01
   2.5165271e-03   1.0337696e+01
   2.5991399e-03   1.0332069e+01
   2.6844648e-03   1.0327945e+01
   2.7725908e-03   1.0324957e+01
   2.8636097e-03   1.0322816e+01
   2.9576167e-03   1.0321302e+01
   3.0547097e-03   1.0320243e+01
   3.1549901e-03   1.0319512e+01
   3.2585625e-03   1.0319015e+01
   3.3655350e-03   1.0318681e+01
   3.4760192e-03   1.0318459e+01
   3.5901304e-03   1.0318315e+01
   3.7079876e-03   1.0318222e+01
   3.8297139e-03   1.0318163e+01
   3.9554362e-03   1.0318126e+01
   4.0852858e-03   1.0318104e+01
   4.2193981e-03   1.0318090e+01
   4.3579130e-03   1.0318082e+01
   4.5009751e-03   1.0318078e+01
   4.6487337e-03   1.0318075e+01
   4.8013429e-03   1.0318073e+01
   4.9589620e-03   1.0318073e+01
   5.1217554e-03   1.0318072e+01
   5.2898931e-03   1.0318072e+01
   5.4635504e-03   1.0318072e+01
   5.6429085e-03   1.0318072e+01
   5.8281546e-03   1.0318072e+01
   6.0194820e-03   1.0318072e+01
   6.2170903e-03   1.0318072e+01
   6.4211857e-03   1.0318072e+01
   6.6319812e-03   1.0318072e+01
   6.8496967e-03   1.0318072e+01
   7.0745594e-03   1.0318072e+01
   7.3068040e-03   1.0318072e+01
   7.5466726e-03   1.0318072e+01
   7.7944158e-03   1.0318072e+01
   8.0502918e-03   1.0318072e+01
   8.3145678e-03   1.0318072e+01
   8.5875195e-03   1.0318072e+01
   8.8694317e-03   1.0318072e+01
   9.1605985e-03   1.0318072e+01
   9.4613238e-03   1.0318072e+01
   9.7719213e-03   1.0318072e+01
   1.0092715e-02   1.0318072e+01
   1.0424040e-02   1.0318072e+01
   1.0766242e-02   1.0318072e+01
   1.1119677e-02   1.0318072e+01
   1.1484715e-02   1.0318072e+01
   1.1861737e-02   1.0318072e+01
   1.2251136e-02   1.0318072e+01
   1.2653318e-02   1.0318072e+01
   1.3068702e-02   1.0318072e+01
   1.3497723e-02   1.0318072e+01
   1.3940828e-02   1.0318072e+01
   1.4398480e-02   1.0318072e+01
   1.4871155e-02   1.0318072e+01
   1.5359347e-02   1.0318072e+01
   1.5863565e-02   1.0318072e+01
   1.6384336e-02   1.0318072e+01
   1.6922204e-02   1.0318072e+01
   1.7477728e-02   1.0318072e+01
   1.8051489e-02   1.0318072e+01
   1.8644085e-02   1.0318072e+01
   1.9256136e-02   1.0318072e+01
   1.9888279e-02   1.0318072e+01
   2.0541173e-02   1.0318072e+01
   2.1215502e-02   1.0318072e+01
   2.1911967e-02   1.0318072e+01
   2.2631296e-02   1.0318072e+01
   2.3374239e-02   1.0318072e+01
   2.4141571e-02   1.0318072e+01
   2.4934094e-02   1.0318072e+01
   2.5752633e-02   1.0318072e+01
   2.6598044e-02   1.0318072e+01
   2.7471208e-02   1.0318072e+01
   2.8373036e-02   1.0318072e+01
   2.9304470e-02   1.0318072e+01
   3.0266481e-02   1.0318072e+01
   3.1260072e-02   1.0318072e+01
   3.2286282e-02   1.0318072e+01
   3.3346180e-02   1.0318072e+01
   3.4440873e-02   1.0318072e+01
   3.5571502e-02   1.0318072e+01
   3.6739248e-02   1.0318072e+01
   3.7945328e-02   1.0318072e+01
   3.9191002e-02   1.0318072e+01
   4.0477570e-02   1.0318072e+01
   4.1806372e-02   1.0318072e+01
   4.3178797e-02   1.0318072e+01
   4.4596276e-02   1.0318072e+01
   4.6060288e-02   1.0318072e+01
   4.7572361e-02   1.0318072e+01
   4.9134073e-02   1.0318072e+01
   5.0747052e-02   1.0318072e+01
   5.2412983e-02   1.0318072e+01
   5.4133603e-02   1.0318072e+01
   5.5910708e-02   1.0318072e+01
   5.7746152e-02   1.0318072e+01
   5.9641849e-02   1.0318072e+01
   6.1599780e-02   1.0318072e+01
   6.3621985e-02   1.0318072e+01
   6.5710575e-02   1.0318072e+01
   6.7867731e-02   1.0318072e+01
   7.0095701e-02   1.0318072e+01
   7.2396811e-02   1.0318072e+01
   7.4773463e-02   1.0318072e+01
   7.7228136e-02   1.0318072e+01
   7.9763391e-02   1.0318072e+01
   8.2381873e-02   1.0318072e+01
   8.5086316e-02   1.0318072e+01
   8.7879540e-02   1.0318072e+01
   9.0764461e-02   1.0318072e+01
   9.3744088e-02   1.0318072e+01
   9.6821531e-02   1.0318072e+01
   1.0000000e-01   1.0318072e+01
