   0.0000000e+00   6.0200000e+02
   1.0000000e-08   6.0197534e+02
   1.0000000e-07   6.0175341e+02
   1.0000000e-06   5.9953881e+02
   1.1800000e-06   5.9909690e+02
   1.3800000e-06   5.9860629e+02
   1.6300000e-06   5.9799362e+02
   1.9200000e-06   5.9728373e+02
   2.2600000e-06   5.9645256e+02
   2.6600000e-06   5.9547626e+02
   3.1300000e-06   5.9433121e+02
   3.6800000e-06   5.9299417e+02
   4.3300000e-06   5.9141805e+02
   5.0900000e-06   5.8958071e+02
   5.9900000e-06   5.8741257e+02
   7.0500000e-06   5.8486960e+02
   8.3000000e-06   5.8188548e+02
   9.7700000e-06   5.7839635e+02
   1.1500000e-05   5.7431790e+02
   1.3500000e-05   5.6964009e+02
   1.5900000e-05   5.6407886e+02
   1.8700000e-05   5.5766189e+02
   2.2100000e-05   5.4997156e+02
   2.6000000e-05   5.4128565e+02
   3.0500000e-05   5.3144006e+02
   3.5900000e-05   5.1987019e+02
   4.2300000e-05   5.0649548e+02
   4.9800000e-05   4.9127531e+02
   5.8600000e-05   4.7402051e+02
   6.8900000e-05   4.5462102e+02
   8.1100000e-05   4.3270521e+02
   9.5500000e-05   4.0824290e+02
   1.1200000e-04   3.8146160e+02
   1.3200000e-04   3.5219493e+02
   1.5600000e-04   3.2072641e+02
   1.8300000e-04   2.8741915e+02
   2.1500000e-04   2.5280881e+02
   2.5400000e-04   2.1761235e+02
   2.9800000e-04   1.8271623e+02
   3.5100000e-04   1.4913332e+02
   4.1300000e-04   1.1792215e+02
   4.8600000e-04   9.0080578e+01
   5.7200000e-04   6.6412554e+01
   6.7300000e-04   4.7399709e+01
   7.9200000e-04   3.3109200e+01
   9.3300000e-04   2.3176101e+01
   1.0000000e-03   2.0083085e+01
   1.1000000e-03   1.6811337e+01
   1.2000000e-03   1.4637328e+01
   1.3000000e-03   1.3192649e+01
   1.4000000e-03   1.2232588e+01
   1.6000000e-03   1.1170547e+01
   1.8000000e-03   1.0701466e+01
   2.0000000e-03   1.0494281e+01
   3.0000000e-03   1.0333122e+01
   4.0000000e-03   1.0330412e+01
   5.0000000e-03   1.0330367e+01
   6.0000000e-03   1.0330366e+01
   7.0000000e-03   1.0330366e+01
   8.0000000e-03   1.0330366e+01
   9.0000000e-03   1.0330366e+01
   1.0000000e-02   1.0330366e+01
   2.0000000e-02   1.0330366e+01
   5.0000000e-02   1.0330366e+01
