   0.0000000e+00   6.0200000e+02
   7.4834134e-12   6.0199998e+02
   2.9268686e-10   6.0199927e+02
   1.5303057e-09   6.0199617e+02
   5.5294132e-09   6.0198618e+02
   2.0044559e-08   6.0194991e+02
   3.9727370e-08   6.0190078e+02
   7.5591443e-08   6.0181139e+02
   1.2763678e-07   6.0168197e+02
   1.9759634e-07   6.0150856e+02
   4.2751517e-07   6.0094310e+02
   7.0845768e-07   6.0026118e+02
   9.8940019e-07   5.9958887e+02
   1.2703427e-06   5.9892586e+02
   1.9170701e-06   5.9743332e+02
   2.6979301e-06   5.9568984e+02
   3.4787902e-06   5.9400529e+02
   4.2596502e-06   5.9237475e+02
   5.0405102e-06   5.9079380e+02
   6.5442533e-06   5.8787471e+02
   8.0479964e-06   5.8510095e+02
   9.5517394e-06   5.8245272e+02
   1.1055482e-05   5.7991378e+02
   1.3103808e-05   5.7660738e+02
   1.4994937e-05   5.7368915e+02
   1.6886066e-05   5.7088238e+02
   1.8777195e-05   5.6817330e+02
   2.0668324e-05   5.6555065e+02
   2.3695568e-05   5.6150977e+02
   2.6722813e-05   5.5763685e+02
   2.9750057e-05   5.5390877e+02
   3.2777301e-05   5.5030751e+02
   3.5804546e-05   5.4681869e+02
   3.8831790e-05   5.4343064e+02
   4.1859034e-05   5.4013371e+02
   4.4886279e-05   5.3691983e+02
   4.7913523e-05   5.3378213e+02
   5.1739058e-05   5.2991688e+02
   5.6362883e-05   5.2538058e+02
   6.0986709e-05   5.2097861e+02
   6.5610534e-05   5.1669850e+02
   7.0234360e-05   5.1252972e+02
   7.4858186e-05   5.0846325e+02
   8.2062395e-05   5.0231328e+02
   8.9266605e-05   4.9636818e+02
   9.6470815e-05   4.9060748e+02
   1.0367502e-04   4.8501403e+02
   1.1087923e-04   4.7957331e+02
   1.1808344e-04   4.7427286e+02
   1.2528765e-04   4.6910189e+02
   1.3432625e-04   4.6278307e+02
   1.4519924e-04   4.5540973e+02
   1.5607222e-04   4.4826297e+02
   1.6694521e-04   4.4132267e+02
   1.7781820e-04   4.3457169e+02
   1.8869118e-04   4.2799528e+02
   1.9956417e-04   4.2158066e+02
   2.1811367e-04   4.1097961e+02
   2.3666317e-04   4.0077115e+02
   2.5521268e-04   3.9091767e+02
   2.7376218e-04   3.8138845e+02
   2.9231168e-04   3.7215811e+02
   3.1086119e-04   3.6320554e+02
   3.2941069e-04   3.5451296e+02
   3.4796019e-04   3.4606527e+02
   3.6650970e-04   3.3784954e+02
   3.8505920e-04   3.2985456e+02
   4.0360870e-04   3.2207053e+02
   4.2215821e-04   3.1448878e+02
   4.4070771e-04   3.0710158e+02
   4.5925721e-04   2.9990195e+02
   4.7780672e-04   2.9288352e+02
   4.9635622e-04   2.8604047e+02
   5.1490572e-04   2.7936740e+02
   5.3345523e-04   2.7285927e+02
   5.5200473e-04   2.6651133e+02
   5.7055423e-04   2.6031914e+02
   5.8910374e-04   2.5427843e+02
   6.0765324e-04   2.4838518e+02
   6.2620274e-04   2.4263550e+02
   6.4475224e-04   2.3702567e+02
   6.6330175e-04   2.3155213e+02
   6.8185125e-04   2.2621141e+02
   7.0040075e-04   2.2100018e+02
   7.1895026e-04   2.1591520e+02
   7.3749976e-04   2.1095333e+02
   7.5604926e-04   2.0611154e+02
   7.7459877e-04   2.0138686e+02
   7.9314827e-04   1.9677642e+02
   8.1169777e-04   1.9227743e+02
   8.3024728e-04   1.8788716e+02
   8.4879678e-04   1.8360295e+02
   8.6734628e-04   1.7942222e+02
   8.8589579e-04   1.7534247e+02
   9.0917848e-04   1.7036084e+02
   9.3719437e-04   1.6456556e+02
   9.7333597e-04   1.5739848e+02
   1.0176033e-03   1.4907236e+02
   1.0618706e-03   1.4121769e+02
   1.1173177e-03   1.3200363e+02
   1.1839445e-03   1.2178550e+02
   1.2505713e-03   1.1242521e+02
   1.3171981e-03   1.0385064e+02
   1.3838248e-03   9.5995719e+01
   1.4504516e-03   8.8799978e+01
   1.5170784e-03   8.2208030e+01
   1.6170311e-03   7.3341408e+01
   1.7169837e-03   6.5566918e+01
   1.8169363e-03   5.8749930e+01
   1.9168889e-03   5.2772420e+01
   2.0168415e-03   4.7530949e+01
   2.1167941e-03   4.2934832e+01
   2.2167468e-03   3.8904572e+01
   2.3166994e-03   3.5370474e+01
   2.4166520e-03   3.2271431e+01
   2.5166046e-03   2.9553870e+01
   2.6165572e-03   2.7170819e+01
   2.7165098e-03   2.5081091e+01
   2.8164624e-03   2.3248574e+01
   2.9164151e-03   2.1641604e+01
   3.0163677e-03   2.0232414e+01
   3.1163203e-03   1.8996660e+01
   3.2162729e-03   1.7912993e+01
   3.3162255e-03   1.6962693e+01
   3.4161781e-03   1.6129346e+01
   3.5161308e-03   1.5398556e+01
   3.6160834e-03   1.4757700e+01
   3.7160360e-03   1.4195712e+01
   3.8159886e-03   1.3702884e+01
   3.9159412e-03   1.3270704e+01
   4.0158938e-03   1.2891709e+01
   4.1158464e-03   1.2559354e+01
   4.2157991e-03   1.2267898e+01
   4.3157517e-03   1.2012309e+01
   4.4157043e-03   1.1788173e+01
   4.5156569e-03   1.1591618e+01
   4.6156095e-03   1.1419251e+01
   4.7155621e-03   1.1268096e+01
   4.8155148e-03   1.1135541e+01
   4.9154674e-03   1.1019298e+01
   5.0154200e-03   1.0917360e+01
   5.1153726e-03   1.0827966e+01
   5.2153252e-03   1.0749573e+01
   5.3152778e-03   1.0680826e+01
   5.4152304e-03   1.0620539e+01
   5.5151831e-03   1.0567671e+01
   5.6151357e-03   1.0521309e+01
   5.7150883e-03   1.0480652e+01
   5.8150409e-03   1.0444998e+01
   5.9149935e-03   1.0413731e+01
   6.0149461e-03   1.0386312e+01
   6.1148988e-03   1.0362267e+01
   6.2148514e-03   1.0341181e+01
   6.3148040e-03   1.0322690e+01
   6.4147566e-03   1.0306474e+01
   6.5652078e-03   1.0285749e+01
   6.7156590e-03   1.0268740e+01
   6.8661102e-03   1.0254782e+01
   7.0165614e-03   1.0243327e+01
   7.1670126e-03   1.0233927e+01
   7.3174638e-03   1.0226213e+01
   7.4679150e-03   1.0219882e+01
   7.6995449e-03   1.0212281e+01
   7.9311747e-03   1.0206674e+01
   8.1628046e-03   1.0202539e+01
   8.3944344e-03   1.0199489e+01
   8.6260643e-03   1.0197239e+01
   8.8576942e-03   1.0195579e+01
   9.0893240e-03   1.0194355e+01
   9.3209539e-03   1.0193453e+01
   9.5525837e-03   1.0192787e+01
   9.8486976e-03   1.0192183e+01
   1.0209296e-02   1.0191704e+01
   1.0569894e-02   1.0191406e+01
   1.0930491e-02   1.0191220e+01
   1.1291089e-02   1.0191105e+01
   1.1651687e-02   1.0191033e+01
   1.2117461e-02   1.0190979e+01
   1.2688410e-02   1.0190944e+01
   1.3259358e-02   1.0190928e+01
   1.3830307e-02   1.0190921e+01
   1.4691850e-02   1.0190916e+01
   1.5553392e-02   1.0190915e+01
   1.6768376e-02   1.0190914e+01
   1.8336801e-02   1.0190914e+01
   2.0121014e-02   1.0190914e+01
   2.2121014e-02   1.0190914e+01
   2.4121014e-02   1.0190914e+01
   2.6121014e-02   1.0190914e+01
   2.8121014e-02   1.0190914e+01
   3.0000000e-02   1.0190914e+01
