t	(Var=AC_Count) AC_Count (number of partilces)
0.0	0.0
2.94902458E-5	0.0
1.250079474E-4	1.0
1.953049654E-4	2.0
2.142829363E-4	3.0
4.379720132E-4	3.0
4.405921247E-4	4.0
5.41351781E-4	5.0
5.767694761E-4	5.0
6.410406049E-4	6.0
7.310341437E-4	7.0
7.338874638E-4	8.0
9.213261234E-4	8.0
9.326617167E-4	8.0
9.918070899E-4	8.0
0.001004931076	8.0
0.001053755897	9.0
0.001094936952	10.0
0.001110510322	10.0
0.001173980197	10.0
0.001281588205	11.0
0.001284490559	12.0
0.001297421665	13.0
0.001319976997	13.0
0.001387411852	13.0
0.001417625918	14.0
0.001485309904	14.0
0.00153572892	14.0
0.00163063664	15.0
0.001740645603	15.0
0.001795904561	16.0
0.001868382577	17.0
0.00195338289	17.0
0.002141519987	17.0
0.002271915434	18.0
0.002279917983	19.0
0.002377675394	19.0
0.002396052414	20.0
0.002463395995	20.0
0.002465304954	20.0
0.002531593263	20.0
0.002535430445	21.0
0.002537216805	21.0
0.002540841525	22.0
0.002561180312	23.0
0.002579268239	23.0
0.002642562937	23.0
0.002643309562	24.0
0.002814484609	25.0
0.002817280546	25.0
0.00281843703	26.0
0.002870483524	27.0
0.002878195364	28.0
0.002891076652	29.0
0.003188067363	30.0
0.003288312412	31.0
0.003442256764	32.0
0.003562749139	32.0
0.003594491336	33.0
0.003660694183	34.0
0.003702384123	35.0
0.003772160885	35.0
0.003819762114	36.0
0.003842390599	37.0
0.003871569059	38.0
0.003961301107	38.0
0.003989006459	39.0
0.003991272922	39.0
0.004210139132	40.0
0.004321251291	40.0
0.004491982576	41.0
0.004517422608	41.0
0.004530895806	42.0
0.004782774714	42.0
0.004792593267	43.0
0.004875045684	43.0
0.004884790633	43.0
0.005116504577	43.0
0.005254312508	43.0
0.005255553348	44.0
0.005484118891	44.0
0.005550162616	45.0
0.005620196233	45.0
0.00591419818	45.0
0.006084310401	45.0
0.006159781229	46.0
0.006200374375	47.0
0.006222776384	48.0
0.006294698422	49.0
0.006356979031	49.0
0.006459512257	49.0
0.006587063694	49.0
0.006659948435	49.0
0.006661699999	49.0
0.006777489276	50.0
0.006843444506	50.0
0.006914014095	51.0
0.006980077019	51.0
0.006986112472	51.0
0.00706021071	51.0
0.007188961196	51.0
0.007227237686	52.0
0.007375398744	53.0
0.007416800177	54.0
0.007482738578	54.0
0.007539792801	55.0
0.00789694693	55.0
0.008033371641	55.0
0.008209545619	55.0
0.008398540875	55.0
0.008414641676	55.0
0.008468906245	55.0
0.008915354576	56.0
0.009145707396	55.0
0.009400554188	55.0
0.009614697162	55.0
0.009979466447	55.0
0.009983229132	56.0
0.009998486324	56.0
0.01025453962	57.0
0.0103893257	56.0
0.01083448239	56.0
0.01096510052	57.0
0.01097893466	57.0
0.01102103818	58.0
0.01168474693	59.0
0.01195974309	60.0
0.0120126215	60.0
0.01212033857	61.0
0.01229856651	61.0
0.01242959211	62.0
0.01266407648	62.0
0.01277179336	62.0
0.01278016771	62.0
0.01279996541	61.0
0.01280414132	61.0
0.01338640444	62.0
0.01340397469	63.0
0.01349800334	63.0
0.0136323446	63.0
0.01391104409	62.0
0.01393214634	61.0
0.01397186257	61.0
0.01412992053	61.0
0.01427053807	61.0
0.0144613262	61.0
0.01464855531	60.0
0.0147135425	61.0
0.01491130561	62.0
0.01522942419	63.0
0.01559243245	64.0
0.01573644611	65.0
0.01599687337	64.0
0.01602679147	65.0
0.01604958209	65.0
0.01629754635	66.0
0.01631975363	66.0
0.01701628317	67.0
0.0177818479	68.0
0.01797366981	69.0
0.01842528179	70.0
0.01849602009	70.0
0.01863775459	70.0
0.01871111693	71.0
0.01872772082	70.0
0.01903011441	71.0
0.01909029394	70.0
0.01932576387	71.0
0.01935392353	70.0
0.01955821361	70.0
0.01958664083	71.0
0.01981416809	70.0
0.01994276392	70.0
0.02030447754	69.0
0.02074609066	68.0
0.02089401008	69.0
0.0210798402	70.0
0.02122753169	69.0
0.02133224428	70.0
0.02136263962	70.0
0.02210181412	71.0
0.02246544597	71.0
0.02282028261	72.0
0.02312235673	73.0
0.02374757204	74.0
0.02397310215	74.0
0.02415793023	75.0
0.02446543661	76.0
0.02482607402	76.0
0.02491980529	77.0
0.02530691099	77.0
0.02598764216	78.0
0.02661985141	77.0
0.02691098402	77.0
0.02783863143	77.0
0.02802969417	76.0
0.02807177326	75.0
0.02810147449	74.0
0.02812263146	74.0
0.02857932905	74.0
0.02876680616	73.0
0.02895593186	74.0
0.02906983989	74.0
0.02937852728	75.0
0.03055557618	75.0
0.03152572245	75.0
0.03160976313	75.0
0.03168446116	74.0
0.03171042234	74.0
0.03180414412	74.0
0.03252440353	74.0
0.03254321522	74.0
0.03302345719	75.0
0.03330674809	74.0
0.03403588292	74.0
0.0342324338	74.0
0.03492700062	75.0
0.03553210174	74.0
0.0358969898	73.0
0.03605384913	73.0
0.03609073096	72.0
0.03614686617	72.0
0.0374126348	73.0
0.03801430271	72.0
0.03827519094	72.0
0.03827650602	72.0
0.03898851138	71.0
0.04007275975	71.0
0.04010892047	70.0
0.0412127221	69.0
0.04123115224	68.0
0.0413319107	67.0
0.04236660965	66.0
0.04268744503	65.0
0.04450887861	65.0
0.04473707294	64.0
0.04556913609	65.0
0.04657075462	64.0
0.04706517475	64.0
0.04742300976	63.0
0.04995379348	62.0
0.05068114091	61.0
0.05098935465	60.0
0.05206534501	59.0
0.05275449714	58.0
0.05310371595	58.0
0.05345686102	59.0
0.05390797257	58.0
0.05456710796	57.0
0.05567761845	56.0
0.05617047008	57.0
0.05758162247	58.0
0.05792384469	57.0
0.06042077579	56.0
0.0608719403	57.0
0.0620446813	56.0
0.06304270453	56.0
0.06307828272	56.0
0.06310066245	57.0
0.06314124233	56.0
0.06411759716	55.0
0.06419575586	54.0
0.06472133828	55.0
0.06480707922	54.0
0.06509077549	55.0
0.06538894582	54.0
0.06631634289	54.0
0.066485869	53.0
0.0699552241	53.0
0.06996196935	53.0
0.07243094264	52.0
0.0764650677	51.0
0.0766487505	50.0
0.07953015539	50.0
0.08010412029	50.0
0.08026706166	49.0
0.08577195532	48.0
0.08579488875	47.0
0.08697287934	46.0
0.08877244103	47.0
0.08928271245	46.0
0.0896958303	45.0
0.09020908017	45.0
0.09081050319	44.0
0.09560241413	44.0
0.09560347178	44.0
0.09927861831	43.0
0.1009818811	42.0
0.1057688177	41.0
0.1061464927	40.0
0.1064330991	39.0
0.1078232352	40.0
0.1097136707	39.0
0.1127540802	39.0
0.1131271763	38.0
0.1154820173	39.0
0.1183470052	39.0
0.1183828802	39.0
0.1194125057	38.0
0.1201342793	38.0
0.1243143862	38.0
0.1277960046	37.0
0.1282130703	38.0
0.1341015309	39.0
0.135184036	38.0
0.1362814221	37.0
0.13798875	37.0
0.1380124614	37.0
0.1391246298	36.0
0.1471876104	36.0
0.1484581379	36.0
0.1488608391	35.0
0.1491181294	34.0
0.1558153868	33.0
0.1608680444	33.0
0.1608712461	33.0
0.1609937886	33.0
0.1610455445	33.0
0.16358564	33.0
0.1641627352	33.0
0.1641743767	33.0
0.1656626664	33.0
0.165666308	33.0
0.1667274955	33.0
0.1673344779	32.0
0.167468979	31.0
0.1697319074	32.0
0.1705965613	33.0
0.1733411187	32.0
0.1741785242	31.0
0.1744220542	30.0
0.1770947576	29.0
0.1787912601	28.0
0.1857707532	27.0
0.1865895827	27.0
0.1866003282	27.0
0.1886556688	27.0
0.1886621029	27.0
0.1890233629	26.0
0.1891034695	27.0
0.1892645363	27.0
0.1896618443	27.0
0.1945814551	26.0
0.1963502143	27.0
0.1986166658	28.0
0.1990604506	29.0
0.2003652639	28.0
0.2015838864	28.0
0.2017022783	28.0
0.2062348386	28.0
0.2091905931	27.0
0.2109640261	28.0
0.2116500768	28.0
0.2116509309	28.0
0.2126911303	29.0
0.2148919841	29.0
0.2149004407	30.0
0.2149656229	30.0
0.2158041664	29.0
0.2186289885	29.0
0.2186373465	29.0
0.2197894982	30.0
0.220057383	30.0
0.2212533052	30.0
0.2212755002	30.0
0.2234724465	30.0
0.2234919815	30.0
0.2243927789	30.0
0.2244062223	30.0
0.2245361589	30.0
0.2245369218	30.0
0.2260063578	31.0
0.2260932283	31.0
0.2334645927	32.0
0.2345776582	31.0
0.2347780989	32.0
0.2354690701	32.0
0.2354794996	32.0
0.2388844844	31.0
0.2404602843	31.0
0.2404859532	30.0
0.2418793371	29.0
0.2419384858	28.0
0.2433964575	28.0
0.2434238072	28.0
0.2447054905	28.0
0.2447815992	28.0
0.2459638889	29.0
0.2509202022	29.0
0.2509425076	29.0
0.2514047905	29.0
0.2528604151	29.0
0.2529042406	28.0
0.2530795744	28.0
0.2530917098	28.0
0.2533958666	28.0
0.2534240675	28.0
0.2534910971	28.0
0.2534944141	28.0
0.2591182719	27.0
0.2599280897	26.0
0.2649421703	27.0
0.2662674977	26.0
0.2718367894	25.0
0.2752845027	26.0
0.2776923173	26.0
0.2776929501	26.0
0.2785066428	26.0
0.2785660401	26.0
0.2829852481	26.0
0.2830117653	26.0
0.2835953935	26.0
0.283643127	26.0
0.283657444	26.0
0.2858993161	26.0
0.2860249304	26.0
0.286710109	26.0
0.2867640722	26.0
0.288414917	27.0
0.2904470369	27.0
0.2913166093	26.0
0.291944908	25.0
0.2947785456	25.0
0.2947813601	25.0
0.2972708926	26.0
0.2983426986	26.0
0.2983849243	26.0
0.2991775349	25.0
0.3031569927	25.0
0.3032171154	25.0
0.3032971781	25.0
0.3093214554	24.0
0.3096060589	25.0
0.3108262087	24.0
0.3131652811	25.0
0.3140849516	26.0
0.3141692835	25.0
0.3151697961	25.0
0.3152148415	25.0
0.3175350508	25.0
0.3175780599	25.0
0.3181056464	24.0
0.3191724252	23.0
0.3223267879	22.0
0.3233999922	21.0
0.3258944961	20.0
0.3297880227	20.0
0.3308052498	21.0
0.3391203469	22.0
0.3406079477	22.0
0.3406135689	22.0
0.3422776414	21.0
0.3432600499	21.0
0.3432622176	21.0
0.349001687	22.0
0.3496094871	22.0
0.3496494196	22.0
0.3534255073	21.0
0.3534626854	22.0
0.3620680363	22.0
0.3620885686	22.0
0.3622538214	22.0
0.3622961558	22.0
0.3682583929	23.0
0.3706045417	23.0
0.3706114351	23.0
0.3745264593	23.0
0.3801942998	23.0
0.390124456	23.0
0.3901344734	23.0
0.3914549165	23.0
0.3914899694	23.0
0.3915176182	23.0
0.3915182053	23.0
0.393015715	22.0
0.3936494553	22.0
0.393660814	22.0
0.3988678691	21.0
0.3999711164	22.0
0.4078406792	23.0
0.413445401	22.0
0.4155973569	21.0
0.4179560666	22.0
0.4202255995	23.0
0.4214140148	23.0
0.4214141166	23.0
0.4221589563	22.0
0.4241960745	22.0
0.4242164104	22.0
0.4276109489	23.0
0.4314369958	23.0
0.4314596403	23.0
0.4397035013	23.0
0.4417614736	23.0
0.4449301852	23.0
0.4459818798	23.0
0.446513774	23.0
0.452848856	22.0
0.4531154748	22.0
0.4597302788	23.0
0.4649691455	23.0
0.4649902697	23.0
0.4680260568	24.0
0.4692247081	23.0
0.4775052224	23.0
0.477509546	23.0
0.4808050455	24.0
0.4808320447	24.0
0.4808330991	24.0
0.4819357942	23.0
0.4819631454	23.0
0.4819646199	23.0
0.4825941922	22.0
0.4853042034	22.0
0.4853613992	22.0
0.492741133	23.0
0.5012852986	24.0
0.5053326877	24.0
0.5053483262	24.0
0.5090070679	24.0
0.5090286884	24.0
0.509067338	23.0
0.5091556403	24.0
0.5115303684	23.0
0.5232014753	24.0
0.5315711644	23.0
0.5321737223	22.0
0.5371257312	22.0
0.5372042586	22.0
0.5374865804	23.0
0.540706732	23.0
0.5410646383	23.0
0.5549569694	22.0
0.5574629196	22.0
0.5574759481	22.0
0.5577596565	22.0
0.557769577	22.0
0.5609994662	22.0
0.5610018288	22.0
0.5620846075	22.0
0.5703233864	23.0
0.5708028513	24.0
0.5709653915	24.0
0.5710270566	24.0
0.5721892605	24.0
0.5736793397	24.0
0.5737492386	24.0
0.5764493423	25.0
0.5815139268	24.0
0.5823655898	24.0
0.5823804439	24.0
0.5848668102	24.0
0.5848937351	24.0
0.5934066208	23.0
0.5969389678	23.0
0.5969462649	23.0
0.5973129145	24.0
0.6014739433	24.0
0.6015161648	24.0
0.6038926184	23.0
0.6086354741	23.0
0.6086840778	23.0
0.6097291835	23.0
0.6097527862	23.0
0.6097607293	23.0
0.6097635075	23.0
0.6106446499	22.0
0.6122302038	23.0
0.6140811869	24.0
0.6144314366	24.0
0.6144414474	24.0
0.614672143	24.0
0.6146740226	24.0
0.614932584	24.0
0.6150743292	24.0
0.6150747327	25.0
0.6173167702	25.0
0.6173807848	25.0
0.6176832245	24.0
0.622666846	23.0
0.6246572283	22.0
0.6308422187	22.0
0.630848174	22.0
0.632285784	23.0
0.6335465704	24.0
0.6338050503	24.0
0.6339366387	24.0
0.640785317	24.0
0.6425914455	23.0
0.6439361602	22.0
0.6447949444	22.0
0.6448587422	22.0
0.6453474969	22.0
0.6453667517	22.0
0.6467265743	22.0
0.6472401713	23.0
0.6483116578	22.0
0.6515809788	21.0
0.6535332567	22.0
0.6544200022	21.0
0.6549903011	21.0
0.654991918	21.0
0.6589830933	21.0
0.6590283288	21.0
0.6593745505	20.0
0.6603916335	21.0
0.6623690179	22.0
0.6624234683	22.0
0.6624417162	22.0
0.6640019639	22.0
0.664041622	22.0
0.6686787923	23.0
0.6716538709	24.0
0.6716855782	25.0
0.6717240709	25.0
0.6717368886	25.0
0.6730032497	24.0
0.6746936935	25.0
0.6750654816	25.0
0.676397467	25.0
0.6765506387	25.0
0.6790750396	24.0
0.6840772392	24.0
0.6841101497	24.0
0.6873256607	23.0
0.6922844177	23.0
0.6951388656	22.0
0.6957183037	22.0
0.6957970615	22.0
0.6965173142	23.0
0.6968472431	24.0
0.6972186099	23.0
0.6977058341	22.0
0.6991475747	21.0
0.7034957218	22.0
0.7080131822	22.0
0.7080173421	22.0
0.708757711	21.0
0.7090418254	21.0
0.7098808578	20.0
0.709897286	19.0
0.7186284858	20.0
0.7202527779	20.0
0.7240800421	20.0
0.7241366159	20.0
0.7245377072	21.0
0.7255485965	21.0
0.7255581485	21.0
0.7267881326	21.0
0.726825877	21.0
0.7333406528	22.0
0.734355246	23.0
0.7372671151	24.0
0.7390423042	24.0
0.7390792899	24.0
0.7402591046	25.0
0.742380067	25.0
0.7456139889	25.0
0.7499639226	24.0
0.7539078345	25.0
0.7631972012	26.0
0.7657702671	26.0
0.7658166882	26.0
0.7676425724	26.0
0.7676839819	26.0
0.7678550472	25.0
0.7706181586	26.0
0.7726979806	26.0
0.7727116481	26.0
0.7763970001	26.0
0.7764002373	26.0
0.7768633175	26.0
0.7768736114	26.0
0.777983516	26.0
0.7780032852	26.0
0.7809835197	27.0
0.786035022	27.0
0.7860428765	27.0
0.7948273079	28.0
0.7974785683	28.0
0.7983192504	27.0
0.7992271628	28.0
0.802336789	29.0
0.805242701	30.0
0.8069738087	31.0
0.8080478091	31.0
0.8095192303	30.0
0.8102204839	30.0
0.810233604	30.0
0.8114482072	31.0
0.8247780226	30.0
0.8251919886	30.0
0.8262080368	30.0
0.8266743071	31.0
0.827706364	31.0
0.8277187902	31.0
0.8283567877	31.0
0.8283624188	31.0
0.8294724108	31.0
0.8294752315	31.0
0.8314435635	32.0
0.8330897133	32.0
0.8331221079	32.0
0.8364558556	32.0
0.836472565	32.0
0.8368128793	32.0
0.8368154306	32.0
0.8454195902	33.0
0.8456171106	34.0
0.8468056946	33.0
0.8468438926	33.0
0.847360373	33.0
0.8473820423	33.0
0.8515145539	33.0
0.851554883	33.0
0.8577045603	33.0
0.8578078684	33.0
0.8601319469	33.0
0.8602989696	32.0
0.8620196505	31.0
0.8656577478	30.0
0.8692027538	30.0
0.8692224329	30.0
0.8700313703	29.0
0.8709433202	28.0
0.8726763602	28.0
0.8726885978	28.0
0.8729921774	28.0
0.8730041568	28.0
0.8735441032	28.0
0.8736878628	28.0
0.8745681309	28.0
0.8762641414	27.0
0.876382431	26.0
0.8807390913	27.0
0.8837101338	27.0
0.8838507647	26.0
0.8845282896	27.0
0.8861194644	26.0
0.8881614288	26.0
0.8881690576	26.0
0.8883515375	25.0
0.8897256071	24.0
0.8906339731	24.0
0.8907003259	24.0
0.8922068612	24.0
0.8922184953	24.0
0.8924411286	25.0
0.8935860663	25.0
0.8968335605	25.0
0.8968679893	25.0
0.9003637092	25.0
0.9082019648	25.0
0.9083149555	26.0
0.9114185715	26.0
0.9156369386	27.0
0.9159456536	27.0
0.9226360478	27.0
0.9235566326	27.0
0.9266343544	26.0
0.9274678336	26.0
0.9275077217	26.0
0.9339789718	26.0
0.9340323922	26.0
0.9345501602	26.0
0.9345566162	26.0
0.9345969025	27.0
0.9356128741	27.0
0.9379943441	26.0
0.9389594762	25.0
0.9411354756	25.0
0.9411445858	25.0
0.9425849148	24.0
0.9455551822	23.0
0.9614093411	22.0
0.9620425974	21.0
0.9624070139	21.0
0.9625162979	21.0
0.9714779224	20.0
0.9747724579	19.0
0.9783453487	19.0
0.9783918919	19.0
0.9791493863	19.0
0.9825123341	19.0
0.9825521769	19.0
0.9858341433	18.0
0.9912365739	18.0
0.9912543305	18.0
0.9918390356	17.0
0.9922567903	16.0
0.9934695857	16.0
0.9964937688	15.0
1.000679487	16.0
1.002287737	16.0
1.002329761	16.0
1.004760212	15.0
1.005667117	15.0
1.005694191	15.0
1.006835083	16.0
1.007862099	15.0
1.008630521	15.0
1.008632794	15.0
1.014651205	15.0
1.014706246	15.0
1.01737994	15.0
1.017382001	15.0
1.027143455	15.0
1.027194896	15.0
1.028480355	15.0
1.028522461	15.0
1.030042886	15.0
1.030055323	15.0
1.031083923	14.0
1.034253102	15.0
1.035730927	15.0
1.035752461	15.0
1.039998226	14.0
1.046236882	15.0
1.049053331	15.0
1.049057651	15.0
1.049126576	15.0
1.049238658	15.0
1.056265388	16.0
1.06152188	17.0
1.065834651	17.0
1.065856507	17.0
1.075460796	17.0
1.075475835	17.0
1.075703051	17.0
1.075727915	17.0
1.075913613	18.0
1.078528059	19.0
1.079154242	20.0
1.083503411	20.0
1.083661497	20.0
1.087637883	19.0
1.088726001	19.0
1.089752156	19.0
1.089772044	19.0
1.093569811	18.0
1.09596399	17.0
1.096624591	18.0
1.096792033	18.0
1.099712672	17.0
1.099981398	16.0
1.100810195	15.0
1.102804399	16.0
1.105721162	15.0
1.107016935	15.0
1.107051457	15.0
1.107829465	16.0
1.114401735	16.0
1.114430968	16.0
1.123173999	16.0
1.123233169	16.0
1.124534941	16.0
1.124551156	16.0
1.126950165	16.0
1.126959175	16.0
1.130120193	16.0
1.130125675	16.0
1.132061496	16.0
1.132070748	16.0
1.133957359	15.0
1.137053441	15.0
1.137096546	15.0
1.137510085	15.0
1.137510733	15.0
1.137633292	16.0
1.141162848	16.0
1.141193504	16.0
1.141718305	16.0
1.141837579	16.0
1.142286735	17.0
1.14708625	18.0
1.150678582	18.0
1.150691911	18.0
1.154705034	18.0
1.155789801	18.0
1.155817755	18.0
1.156496567	19.0
1.158522467	19.0
1.15977784	20.0
1.160374213	20.0
1.1603874	20.0
1.160699514	20.0
1.160725207	20.0
1.161121085	20.0
1.161163214	20.0
1.162293662	21.0
1.163654109	21.0
1.163665699	21.0
1.167026689	20.0
1.168735765	20.0
1.16876063	20.0
1.169462489	20.0
1.169465915	20.0
1.169657315	19.0
1.174046281	19.0
1.174069376	19.0
1.177277606	19.0
1.17736705	19.0
1.180938545	19.0
1.180948262	19.0
1.181067992	20.0
1.189503023	19.0
1.190457586	19.0
1.190484667	19.0
1.19436356	18.0
1.194718271	18.0
1.194735389	18.0
1.19722707	17.0
1.197989768	17.0
1.198104192	17.0
1.20365269	18.0
1.205790505	18.0
1.20583135	18.0
1.206060356	17.0
1.207841823	16.0
1.21014131	17.0
1.210438973	17.0
1.2104661	17.0
1.2189541	17.0
1.218978781	17.0
1.22096205	16.0
1.222692993	16.0
1.222696278	16.0
1.225174508	15.0
1.227457459	14.0
1.228375748	15.0
1.238062884	15.0
1.238092995	15.0
1.238366393	15.0
1.238433678	15.0
1.242616606	15.0
1.242622143	15.0
1.243233273	14.0
1.243729733	14.0
1.243745082	14.0
1.246391332	14.0
1.246393989	14.0
1.249341462	14.0
1.249386977	14.0
1.254679332	14.0
1.254685582	14.0
1.254771914	14.0
1.25482952	14.0
1.254905013	13.0
1.269315784	12.0
1.273510899	12.0
1.273516016	12.0
1.27419441	13.0
1.276560933	13.0
1.27657519	13.0
1.278523554	14.0
1.283816555	14.0
1.283836787	14.0
1.283936506	14.0
1.284423335	15.0
1.285034263	15.0
1.28504033	15.0
1.28544961	14.0
1.287311692	13.0
1.287525385	13.0
1.295895732	13.0
1.295901662	13.0
1.296525912	13.0
1.296626248	13.0
1.297501687	13.0
1.297575052	13.0
1.299991734	14.0
1.300698559	14.0
1.300722174	14.0
1.303650645	14.0
1.303718395	14.0
1.313292093	14.0
1.313316541	14.0
1.326842446	14.0
1.326851131	14.0
1.328792214	13.0
1.328848538	13.0
1.328850677	13.0
1.329338237	13.0
1.3293394	13.0
1.346741621	13.0
1.346750219	13.0
1.35280411	14.0
1.358021179	14.0
1.358036056	14.0
1.358103042	13.0
1.360015712	13.0
1.36002669	13.0
1.365904424	13.0
1.365913276	13.0
1.374907731	13.0
1.374919972	13.0
1.375958239	12.0
1.378406081	11.0
1.379704073	12.0
1.379969862	12.0
1.379976806	12.0
1.383647796	12.0
1.383724306	12.0
1.38412103	13.0
1.386711991	13.0
1.386779581	13.0
1.387934298	13.0
1.387959859	13.0
1.388940656	14.0
1.389277217	14.0
1.389305126	14.0
1.390017946	13.0
1.393815299	13.0
1.393834589	13.0
1.396264725	13.0
1.396265463	13.0
1.398485066	14.0
1.402318355	15.0
1.40516025	16.0
1.406385012	16.0
1.406496931	16.0
1.406663768	15.0
1.411610177	15.0
1.411622455	15.0
1.414107253	16.0
1.415872054	15.0
1.41599604	15.0
1.416008077	15.0
1.416589139	16.0
1.420052096	15.0
1.423428104	14.0
1.425540875	15.0
1.428842867	15.0
1.428991164	15.0
1.435638426	15.0
1.435658515	15.0
1.436008292	15.0
1.436047458	15.0
1.43894762	16.0
1.439403702	17.0
1.44145945	17.0
1.441497092	17.0
1.444677955	17.0
1.444680156	17.0
1.44594343	17.0
1.446026335	17.0
1.446028842	17.0
1.446094617	17.0
1.448288011	17.0
1.44830056	17.0
1.449213547	16.0
1.451257542	17.0
1.45574347	17.0
1.45575279	17.0
1.467418623	18.0
1.469333603	18.0
1.469368829	18.0
1.470422521	18.0
1.470479667	18.0
1.471997321	17.0
1.47249846	18.0
1.473568274	18.0
1.473568901	18.0
1.4797127	18.0
1.479818243	18.0
1.481055892	18.0
1.481067991	18.0
1.482797599	19.0
1.485833412	20.0
1.486407005	20.0
1.494253082	20.0
1.497948432	20.0
1.497974783	20.0
1.497988743	19.0
1.499909692	20.0
1.508908591	20.0
1.508958784	20.0
1.520139707	21.0
1.528226356	21.0
1.528293386	21.0
1.529924318	21.0
1.529934117	21.0
1.531998475	21.0
1.532053685	21.0
1.532644882	21.0
1.53277329	21.0
1.534927	20.0
1.537182106	19.0
1.543380885	19.0
1.543423502	19.0
1.545893039	18.0
1.546329943	18.0
1.546333739	18.0
1.550737766	17.0
1.561292102	18.0
1.562926315	18.0
1.564817877	19.0
1.572124619	19.0
1.572242549	19.0
1.57322967	19.0
1.573304425	19.0
1.576144482	18.0
1.577822439	18.0
1.581678331	18.0
1.581704022	18.0
1.583435822	18.0
1.585937608	19.0
1.586643046	19.0
1.586653282	19.0
1.586714491	19.0
1.586782622	19.0
1.586790075	19.0
1.587906422	19.0
1.587928891	19.0
1.588282965	20.0
1.590264501	20.0
1.590282018	20.0
1.591735099	21.0
1.59178714	21.0
1.591795781	21.0
1.592253361	20.0
1.594750307	19.0
1.598096468	20.0
1.599073157	20.0
1.599077047	20.0
1.60084628	19.0
1.604066675	19.0
1.606630292	19.0
1.606687413	19.0
1.609009319	19.0
1.613680505	19.0
1.613746639	20.0
1.613761802	20.0
1.614986348	20.0
1.615007354	20.0
1.616486397	21.0
1.618307277	21.0
1.618349872	21.0
1.623868117	21.0
1.623894616	21.0
1.634075718	21.0
1.634118179	21.0
1.63831326	21.0
1.638396833	21.0
1.640928276	20.0
1.64223064	20.0
1.642240877	20.0
1.642756496	19.0
1.642977138	18.0
1.645650297	19.0
1.650904174	19.0
1.650907361	19.0
1.652394457	19.0
1.652413045	19.0
1.654673384	20.0
1.658254133	20.0
1.658257681	20.0
1.660416171	20.0
1.660418069	20.0
1.660534458	20.0
1.662558334	20.0
1.66965735	20.0
1.669710913	20.0
1.675136798	19.0
1.676469042	18.0
1.677556065	19.0
1.680130298	19.0
1.680225761	19.0
1.683233014	18.0
1.684144889	19.0
1.684760441	18.0
1.691146002	19.0
1.692015145	20.0
1.693629183	19.0
1.693846764	19.0
1.693935315	19.0
1.697520292	19.0
1.697523233	19.0
1.69756687	20.0
1.698451205	20.0
1.698476163	20.0
1.706389546	21.0
1.707222064	20.0
1.708207855	21.0
1.708892077	20.0
1.710891095	21.0
1.711513589	21.0
1.711602646	21.0
1.714747251	21.0
1.714765678	21.0
1.718648746	22.0
1.719001492	22.0
1.719054171	22.0
1.719708019	22.0
1.719710433	22.0
1.721251692	22.0
1.721260191	22.0
1.724672602	22.0
1.726156072	22.0
1.726161681	22.0
1.727266588	23.0
1.727786147	22.0
1.72846602	22.0
1.728527194	22.0
1.732508291	23.0
1.734573027	22.0
1.735232443	22.0
1.735317814	22.0
1.737768342	22.0
1.737790499	22.0
1.738084775	21.0
1.739209652	20.0
1.7396978	20.0
1.739985674	21.0
1.748179077	22.0
1.749342449	21.0
1.749354083	20.0
1.751534976	20.0
1.751577496	20.0
1.755918111	20.0
1.755970952	20.0
1.76215117	20.0
1.762177023	20.0
1.76560729	20.0
1.765629343	20.0
1.767079609	19.0
1.768918251	20.0
1.771335176	20.0
1.771379007	20.0
1.772230775	21.0
1.775962848	21.0
1.776000322	21.0
1.778624971	21.0
1.778649437	21.0
1.78073158	22.0
1.781159682	22.0
1.781222156	22.0
1.789673686	23.0
1.79525358	23.0
1.795285674	23.0
1.796800154	23.0
1.796810357	23.0
1.802569135	23.0
1.802577541	23.0
1.804449697	24.0
1.807071054	23.0
1.809599407	24.0
1.812754611	23.0
1.816472883	22.0
1.820201154	22.0
1.820214623	22.0
1.823530482	23.0
1.824284398	23.0
1.824324022	23.0
1.82712387	23.0
1.827170514	23.0
1.827379402	23.0
1.827391968	23.0
1.827477945	23.0
1.83158059	24.0
1.832388391	24.0
1.834950898	25.0
1.835788521	26.0
1.836279632	27.0
1.838393618	27.0
1.838400062	27.0
1.844359952	26.0
1.844644835	26.0
1.844673652	26.0
1.844704761	27.0
1.845283747	26.0
1.845845136	26.0
1.845845388	26.0
1.846763609	25.0
1.848311591	26.0
1.85187227	25.0
1.851873347	26.0
1.857639134	26.0
1.857660376	26.0
1.860288074	27.0
1.866427721	28.0
1.871340269	29.0
1.873449568	30.0
1.874518169	30.0
1.87666025	29.0
1.883616084	29.0
1.88362522	29.0
1.884146017	29.0
1.884860898	29.0
1.884870794	29.0
1.886209307	29.0
1.8863263	29.0
1.887862124	29.0
1.887865145	29.0
1.888093828	29.0
1.888206246	29.0
1.888700147	29.0
1.888717959	29.0
1.893427761	30.0
1.89555488	29.0
1.898155181	29.0
1.898161791	29.0
1.898839928	30.0
1.901887342	29.0
1.90283828	30.0
1.903008542	29.0
1.903527699	30.0
1.90529935	30.0
1.905324902	30.0
1.907246485	29.0
1.907303846	29.0
1.907322484	29.0
1.914120572	28.0
1.91594857	29.0
1.918061922	28.0
1.921055888	28.0
1.921088963	28.0
1.924879599	27.0
1.926055473	27.0
1.926098905	27.0
1.927406737	27.0
1.927553073	27.0
1.928153571	27.0
1.928235688	27.0
1.9384385	28.0
1.939489023	27.0
1.939637463	27.0
1.939705766	27.0
1.943005643	27.0
1.943027836	27.0
1.946341252	26.0
1.947640391	25.0
1.949178532	24.0
1.949465152	23.0
1.95096853	23.0
1.950968875	23.0
1.955157462	22.0
1.962330548	22.0
1.962359226	22.0
1.969086803	21.0
1.973402535	21.0
1.973441058	21.0
1.976940908	21.0
1.976958895	21.0
1.977211122	21.0
1.977255439	21.0
1.978325514	22.0
1.979850707	22.0
1.979890486	22.0
1.980341608	23.0
1.980854128	23.0
1.980881679	23.0
1.981586304	23.0
1.981602071	23.0
1.983082218	24.0
1.984493135	24.0
1.984529505	24.0
1.985742363	25.0
1.985934712	24.0
1.986251226	24.0
1.986342266	24.0
1.986776334	24.0
1.98678615	24.0
1.987445256	23.0
1.988868541	24.0
1.992487117	25.0
1.994572249	25.0
1.994821706	26.0
1.995080214	25.0
1.996722672	26.0
1.998486242	27.0
2.003746035	27.0
2.00555491	26.0
2.005887633	26.0
2.005894487	26.0
2.007073486	27.0
2.010783839	26.0
2.011990571	25.0
2.014928263	25.0
2.014970237	25.0
2.016470211	25.0
2.016497055	25.0
2.022817005	26.0
2.022919049	27.0
2.024289552	26.0
2.025300617	27.0
2.028196307	28.0
2.028585671	27.0
2.033475425	28.0
2.034558604	28.0
2.034599338	28.0
2.036504169	27.0
2.041980225	26.0
2.04572937	27.0
2.05068261	26.0
2.056056929	25.0
2.060531291	25.0
2.060569892	25.0
2.060582636	25.0
2.060582974	25.0
2.069792825	25.0
2.06983483	25.0
2.070556125	26.0
2.071155093	26.0
2.07117923	26.0
2.073595851	25.0
2.07789217	24.0
2.081067989	23.0
2.082184879	22.0
2.083313899	22.0
2.083437134	22.0
2.084055667	22.0
2.084110412	22.0
2.084196014	21.0
2.085796055	21.0
2.085874102	21.0
2.087346094	22.0
2.090144948	22.0
2.090159241	22.0
2.09634115	22.0
2.101142223	21.0
2.102147002	21.0
2.102320374	21.0
2.108136121	21.0
2.108186747	21.0
2.110823442	20.0
2.111269655	20.0
2.11129612	20.0
2.112531016	20.0
2.112557698	20.0
2.115932291	20.0
2.11593566	20.0
2.119561604	20.0
2.119601054	20.0
2.122662305	20.0
2.122666451	20.0
2.123001869	19.0
2.126262037	19.0
2.126291353	19.0
2.128571878	18.0
2.130264325	19.0
2.130284154	18.0
2.130330846	18.0
2.13046718	18.0
2.131555548	19.0
2.135951176	19.0
2.13599028	19.0
2.138749184	18.0
2.139197045	18.0
2.141538767	19.0
2.14190143	18.0
2.1438114	18.0
2.143835537	18.0
2.14506134	18.0
2.145083603	18.0
2.145315417	18.0
2.160216013	19.0
2.163716321	18.0
2.165014545	18.0
2.165028799	18.0
2.166201689	19.0
2.170571997	18.0
2.172354345	17.0
2.172746575	17.0
2.172852395	17.0
2.173594787	18.0
2.173836984	18.0
2.17389594	18.0
2.174012672	18.0
2.174056725	18.0
2.175177599	19.0
2.180087341	19.0
2.180100176	19.0
2.186497969	20.0
2.186501672	20.0
2.186504089	20.0
2.186670066	19.0
2.186949821	19.0
2.188108519	19.0
2.189002183	19.0
2.190321398	20.0
2.190509954	19.0
2.190853131	20.0
2.194267474	20.0
2.194354096	20.0
2.202234449	20.0
2.202704134	20.0
2.202736978	20.0
2.210106515	20.0
2.210238013	20.0
2.211118512	19.0
2.214011067	19.0
2.217404624	20.0
2.218888515	20.0
2.221718857	20.0
2.221835857	20.0
2.221927182	20.0
2.225236821	20.0
2.226724117	20.0
2.226740217	20.0
2.229881286	21.0
2.232088792	22.0
2.23287259	22.0
2.232922842	22.0
2.235061648	22.0
2.235101354	21.0
2.236539337	21.0
2.236585317	21.0
2.244251344	20.0
2.244458719	20.0
2.245379544	19.0
2.249514655	19.0
2.249590291	19.0
2.249633908	19.0
2.252764095	18.0
2.253366547	19.0
2.25517101	19.0
2.255194982	19.0
2.256422609	20.0
2.257741871	20.0
2.258058682	20.0
2.258093947	20.0
2.258934879	20.0
2.259496909	20.0
2.260302743	20.0
2.260323831	20.0
2.26083586	19.0
2.263333851	19.0
2.263336851	19.0
2.26338354	20.0
2.271190244	20.0
2.271203813	20.0
2.278742057	19.0
2.285071387	19.0
2.285086571	19.0
2.286278063	20.0
2.291500329	20.0
2.291508752	20.0
2.294999825	21.0
2.296955977	21.0
2.296963116	21.0
2.297521331	21.0
2.297581853	21.0
2.30285477	21.0
2.302987175	21.0
2.309593842	21.0
2.309652887	21.0
2.309934851	20.0
2.310996517	20.0
2.311025317	20.0
2.311720761	20.0
2.311884122	19.0
2.317069594	18.0
2.318704128	18.0
2.318739165	18.0
2.31877433	19.0
2.320785851	19.0
2.320797741	19.0
2.32576904	20.0
2.328416063	20.0
2.328447763	20.0
2.331424379	21.0
2.331868745	22.0
2.334578646	21.0
2.341198813	21.0
2.34120992	21.0
2.34167783	20.0
2.34171646	21.0
2.348397213	21.0
2.348404137	21.0
2.349231907	21.0
2.349287513	21.0
2.350141675	21.0
2.350248113	21.0
2.350309414	21.0
2.350320249	21.0
2.355853452	21.0
2.355898579	21.0
2.357585187	21.0
2.357708296	21.0
2.3648381	20.0
2.37514906	21.0
2.379988404	21.0
2.379991534	21.0
2.380070206	21.0
2.38010508	21.0
2.380920278	21.0
2.380959472	21.0
2.381180894	21.0
2.381208693	21.0
2.381891089	20.0
2.38417572	19.0
2.384309655	19.0
2.384327788	19.0
2.385907729	19.0
2.385940873	19.0
2.391008376	19.0
2.391013377	19.0
2.392357089	19.0
2.392428583	19.0
2.393751752	18.0
2.395291531	18.0
2.395302809	18.0
2.404898273	19.0
2.405459175	18.0
2.407100824	18.0
2.408248052	18.0
2.411522896	19.0
2.418017443	18.0
2.418096853	18.0
2.418118154	18.0
2.425550064	19.0
2.431294179	19.0
2.431311826	19.0
2.432498592	20.0
2.432728311	21.0
2.435563876	20.0
2.455554179	20.0
2.455607811	20.0
2.455954545	20.0
2.455960129	20.0
2.456046322	20.0
2.456068425	20.0
2.456068686	20.0
2.456088976	20.0
2.456191677	19.0
2.46431114	19.0
2.464360543	19.0
2.465135609	20.0
2.467229544	21.0
2.467646783	21.0
2.467715674	21.0
2.468796867	20.0
2.469161871	21.0
2.474584385	21.0
2.475484326	21.0
2.475525336	21.0
2.476375665	21.0
2.476432739	21.0
2.476464177	21.0
2.477958821	22.0
2.478852297	22.0
2.479259699	22.0
2.479260735	22.0
2.480125648	23.0
2.482069584	23.0
2.484287469	22.0
2.493781358	23.0
2.494429772	23.0
2.494441145	23.0
2.494445896	23.0
2.494446507	23.0
2.501357234	24.0
2.501879225	23.0
2.502245302	23.0
2.502252366	23.0
2.502426771	23.0
2.502476148	23.0
2.510538947	23.0
2.512547831	23.0
2.512566424	23.0
2.513264816	22.0
2.516022349	21.0
2.525604143	21.0
2.525650075	21.0
2.527445914	22.0
2.527980507	22.0
2.528668002	21.0
2.54060171	20.0
2.545792982	20.0
2.545795284	20.0
2.557992187	20.0
2.558074905	20.0
2.559271284	20.0
2.559276852	20.0
2.566655807	20.0
2.566668035	20.0
2.570208807	20.0
2.570213307	20.0
2.570918794	20.0
2.570928772	20.0
2.571472875	20.0
2.571495038	20.0
2.578386215	19.0
2.580112785	19.0
2.585827804	19.0
2.585836879	19.0
2.586200438	19.0
2.586213452	19.0
2.587503354	18.0
2.589023362	18.0
2.589030786	18.0
2.593621896	18.0
2.593725018	18.0
2.595784909	18.0
2.595788582	18.0
2.59594437	18.0
2.595953762	18.0
2.596124263	18.0
2.596133336	18.0
2.608762118	18.0
2.617607198	18.0
2.617687319	18.0
2.618787616	19.0
2.61930131	19.0
2.619356669	19.0
2.624137135	19.0
2.62428955	19.0
2.631217476	19.0
2.631253467	19.0
2.631546337	20.0
2.631701058	20.0
2.631742583	20.0
2.633161384	19.0
2.634291645	19.0
2.634367836	19.0
2.634555856	19.0
2.63992174	19.0
2.639938179	19.0
2.640787002	19.0
2.641395678	19.0
2.64141696	19.0
2.642068403	19.0
2.642146254	19.0
2.642336542	18.0
2.642625916	18.0
2.643313378	18.0
2.644937684	19.0
2.645192402	19.0
2.645766749	19.0
2.645775818	19.0
2.647540051	19.0
2.650013058	19.0
2.650044801	19.0
2.650380526	19.0
2.650402324	19.0
2.654906158	19.0
2.654922436	19.0
2.661123625	20.0
2.661819811	20.0
2.661870203	20.0
2.663873367	19.0
2.665026996	20.0
2.667827833	20.0
2.667972278	20.0
2.669580994	20.0
2.669600768	20.0
2.672534155	20.0
2.677540952	19.0
2.685903808	19.0
2.685930423	19.0
2.687686811	19.0
2.688347278	19.0
2.688387411	19.0
2.689045871	19.0
2.689138619	19.0
2.692794784	19.0
2.692795692	19.0
2.695357316	19.0
2.695402268	19.0
2.695944022	19.0
2.695995185	19.0
2.701786132	20.0
2.701796708	21.0
2.702005603	22.0
2.717361156	22.0
2.717376765	22.0
2.720426347	22.0
2.72109392	22.0
2.722018332	22.0
2.722035573	22.0
2.725318507	23.0
2.727379499	23.0
2.727427857	23.0
2.733210416	24.0
2.733879568	24.0
2.73452243	24.0
2.736509872	25.0
2.737596383	24.0
2.7385428	23.0
2.746529768	22.0
2.74827351	21.0
2.752129676	21.0
2.752148525	21.0
2.763557382	21.0
2.763565808	21.0
2.763675984	21.0
2.765338504	20.0
2.77347872	20.0
2.773520625	20.0
2.775055671	20.0
2.776951984	20.0
2.777505738	20.0
2.777578289	20.0
2.779901521	21.0
2.78009758	21.0
2.783670535	21.0
2.783672431	21.0
2.784937074	21.0
2.784945479	21.0
2.790281953	22.0
2.790861073	21.0
2.792601829	21.0
2.792678105	21.0
2.79268941	21.0
2.792797991	21.0
2.794264004	22.0
2.794638892	21.0
2.794935891	21.0
2.7949658	21.0
2.796193826	21.0
2.79620349	21.0
2.7968191	21.0
2.796834734	21.0
2.797681161	21.0
2.797745619	21.0
2.80299755	20.0
2.807547729	20.0
2.80755843	20.0
2.807654746	20.0
2.807693239	20.0
2.808361168	20.0
2.808424993	20.0
2.810295822	19.0
2.810479547	20.0
2.812116879	19.0
2.812993849	19.0
2.813027932	19.0
2.814518953	18.0
2.815028059	18.0
2.815978674	17.0
2.81931102	18.0
2.819705529	18.0
2.820558412	18.0
2.822745954	18.0
2.822746546	18.0
2.824743828	19.0
2.825722928	19.0
2.825727202	19.0
2.826912772	19.0
2.827047109	18.0
2.829462809	17.0
2.830571389	17.0
2.830633233	17.0
2.83405882	17.0
2.834072626	17.0
2.835637283	17.0
2.835684984	17.0
2.836039676	16.0
2.841052423	17.0
2.841621923	18.0
2.842399445	19.0
2.842611187	19.0
2.842690455	19.0
2.844669523	20.0
2.848690489	20.0
2.848729956	20.0
2.858235566	19.0
2.861067973	20.0
2.862848957	19.0
2.864526412	19.0
2.876792548	19.0
2.876854567	19.0
2.879026125	19.0
2.879280308	19.0
2.884825224	19.0
2.884836095	19.0
2.890271353	19.0
2.891079097	20.0
2.891224214	19.0
2.893448452	20.0
2.895482617	20.0
2.895484547	20.0
2.897575953	19.0
2.900081775	20.0
2.900265413	20.0
2.900311582	20.0
2.900662121	19.0
2.900780875	18.0
2.90313634	18.0
2.903138714	18.0
2.905084204	17.0
2.90831766	17.0
2.908319317	17.0
2.910681293	17.0
2.910705118	17.0
2.911411151	16.0
2.914431076	16.0
2.916226233	17.0
2.91804012	17.0
2.918043442	17.0
2.918734366	18.0
2.920847868	17.0
2.922013128	17.0
2.922049259	17.0
2.928618704	18.0
2.932494443	18.0
2.940294179	18.0
2.940384052	18.0
2.945301803	18.0
2.945341937	18.0
2.945564884	17.0
2.946975214	17.0
2.946988198	17.0
2.948696891	18.0
2.949851526	18.0
2.94993695	18.0
2.95334256	18.0
2.953346798	18.0
2.957385297	17.0
2.962713383	18.0
2.964171549	17.0
2.969937101	17.0
2.969948163	17.0
2.970086798	18.0
2.971657458	17.0
2.97259705	17.0
2.972604881	17.0
2.980314162	17.0
2.980351861	17.0
2.982075565	17.0
2.982082985	17.0
2.98320928	17.0
2.983258604	17.0
2.984059506	16.0
2.987320272	16.0
2.987329413	16.0
2.989421017	16.0
2.989487978	16.0
2.990198412	17.0
2.996127875	17.0
2.996222994	17.0
2.997875167	17.0
2.997876102	17.0
3.000354022	17.0
3.000382554	17.0
3.000456865	17.0
3.000533387	17.0
3.000816724	17.0
3.000821096	17.0
3.000872003	16.0
3.001408218	17.0
3.002408329	17.0
3.004033761	18.0
3.004123938	19.0
3.006847283	18.0
3.010555628	17.0
3.012495235	17.0
3.012496708	17.0
3.016022147	17.0
3.016039547	17.0
3.01895382	17.0
3.018958414	17.0
3.019112834	18.0
3.020422963	18.0
3.023080489	19.0
3.02328028	18.0
3.026581312	19.0
3.027516943	20.0
3.030014567	20.0
3.030710702	20.0
3.031238255	20.0
3.031398845	20.0
3.032119619	19.0
3.03320166	20.0
3.041010857	20.0
3.041040255	20.0
3.041633273	21.0
3.046426171	22.0
3.046662314	23.0
3.049124746	22.0
3.053891971	23.0
3.05392051	22.0
3.061531392	23.0
3.061610505	22.0
3.068305332	21.0
3.070796942	21.0
3.070859542	21.0
3.07119106	20.0
3.078270776	21.0
3.079428149	20.0
3.082704707	21.0
3.090340391	22.0
3.092115024	23.0
3.092648895	22.0
3.095137425	23.0
3.097676292	24.0
3.101786125	24.0
3.103943595	24.0
3.104058678	24.0
3.105520947	23.0
3.105757739	24.0
3.105841055	25.0
3.107762327	25.0
3.107767778	25.0
3.107768592	26.0
3.10960504	25.0
3.111296468	24.0
3.111993822	24.0
3.112104375	24.0
3.11888808	24.0
3.118972044	24.0
3.121606324	24.0
3.121663969	24.0
3.121679297	24.0
3.122319572	25.0
3.123682308	26.0
3.124639741	25.0
3.137449173	25.0
3.13745188	25.0
3.138148757	25.0
3.138166229	25.0
3.139047633	25.0
3.142778493	25.0
3.142825597	25.0
3.150102361	25.0
3.150199666	25.0
3.153447688	25.0
3.155314361	26.0
3.156371314	25.0
3.157510095	26.0
3.161079936	26.0
3.16111421	26.0
3.166022719	26.0
3.166030689	26.0
3.167066688	27.0
3.16758158	28.0
3.169396724	27.0
3.171358398	27.0
3.171431146	27.0
3.172939019	28.0
3.175422235	29.0
3.18081569	29.0
3.180875508	29.0
3.183023991	29.0
3.183037589	29.0
3.191432646	29.0
3.191479061	29.0
3.192588	28.0
3.195213662	28.0
3.195238367	29.0
3.195274722	29.0
3.200518936	28.0
3.203638977	28.0
3.208185142	27.0
3.210472491	27.0
3.212274326	26.0
3.213213001	25.0
3.213377751	26.0
3.213405426	25.0
3.215995656	24.0
3.223154362	24.0
3.223170829	24.0
3.226454537	23.0
3.232291105	23.0
3.232349338	23.0
3.234520212	23.0
3.234553306	23.0
3.235448934	22.0
3.236288275	22.0
3.236375296	22.0
3.236698209	22.0
3.241132092	22.0
3.244495016	22.0
3.24451932	22.0
3.244565167	21.0
3.245064068	21.0
3.247104349	21.0
3.248913716	20.0
3.249442339	21.0
3.251538401	21.0
3.251566433	21.0
3.255984474	21.0
3.256032458	21.0
3.257632643	21.0
3.257651248	21.0
3.26203812	20.0
3.264058072	21.0
3.264841665	22.0
3.269168775	23.0
3.273479731	22.0
3.27775729	21.0
3.279486431	21.0
3.279488399	21.0
3.279857222	20.0
3.281189355	20.0
3.28119379	20.0
3.281771563	21.0
3.285390102	21.0
3.285435027	21.0
3.286978106	20.0
3.288792941	21.0
3.295198193	21.0
3.295209645	21.0
3.298862136	22.0
3.303761012	22.0
3.303772183	22.0
3.305331583	21.0
3.306586794	20.0
3.312809329	20.0
3.312853111	20.0
3.312885575	21.0
3.318311222	21.0
3.318419615	21.0
3.322687319	20.0
3.328106217	21.0
3.331831278	21.0
3.334402748	21.0
3.335329821	21.0
3.335581302	21.0
3.335638962	21.0
3.336481783	21.0
3.337025736	21.0
3.340776446	21.0
3.340815047	21.0
3.341255706	20.0
3.342680199	21.0
3.343379471	22.0
3.345018036	21.0
3.345692654	21.0
3.34571074	21.0
3.346670957	21.0
3.347273767	20.0
3.352901338	19.0
3.35476894	18.0
3.359323614	18.0
3.359331322	18.0
3.361575421	19.0
3.364213293	19.0
3.364250829	19.0
3.366730433	19.0
3.366736239	19.0
3.370441792	20.0
3.371169961	20.0
3.371201631	20.0
3.373677096	19.0
3.378154961	18.0
3.379976459	18.0
3.379983047	18.0
3.381850621	17.0
3.382864361	17.0
3.382876624	17.0
3.384548752	17.0
3.384566342	17.0
3.384892145	17.0
3.384893853	17.0
3.392438267	17.0
3.392534374	17.0
3.397421563	18.0
3.398704879	19.0
3.39920272	19.0
3.399211743	19.0
3.399268276	19.0
3.399319839	19.0
3.402153119	20.0
3.407901091	21.0
3.408725716	21.0
3.409531489	21.0
3.409541931	21.0
3.409558227	21.0
3.409605596	21.0
3.41019	21.0
3.410285235	21.0
3.412519451	22.0
3.414550545	22.0
3.418632671	22.0
3.418634759	22.0
3.420523584	23.0
3.421765724	23.0
3.421814206	23.0
3.422091709	23.0
3.423337866	24.0
3.424151001	24.0
3.424182845	24.0
3.424467557	23.0
3.42468386	22.0
3.428968859	22.0
3.428969087	22.0
3.429563844	22.0
3.430700916	21.0
3.435324207	21.0
3.435346658	21.0
3.43652386	20.0
3.438181107	21.0
3.450383149	21.0
3.450485258	21.0
3.453684309	21.0
3.45430765	20.0
3.456048923	19.0
3.457828997	19.0
3.457836252	19.0
3.457992419	18.0
3.458482649	18.0
3.462216325	18.0
3.462273678	18.0
3.464046894	17.0
3.468626703	18.0
3.46930406	18.0
3.470075665	19.0
3.474332419	19.0
3.474336485	19.0
3.477744069	18.0
3.480004211	17.0
3.482368427	17.0
3.482446294	17.0
3.484509803	17.0
3.484515566	17.0
3.491971647	16.0
3.492341434	16.0
3.492362374	16.0
3.497921173	16.0
3.501941487	16.0
3.501954742	16.0
3.507525311	16.0
3.510316507	16.0
3.513621827	16.0
3.5136716	16.0
3.513791461	17.0
3.516456738	16.0
3.521768011	17.0
3.523344904	18.0
3.524035425	18.0
3.524095774	18.0
3.524381881	18.0
3.524382542	18.0
3.532061762	18.0
3.532122167	18.0
3.534804939	18.0
3.534819412	18.0
3.537379763	17.0
3.540508218	17.0
3.540570992	17.0
3.542260939	18.0
3.544403803	17.0
3.549463699	18.0
3.551168344	17.0
3.552206258	16.0
3.552995415	17.0
3.557684806	18.0
3.564111807	18.0
3.564155459	18.0
3.564681148	19.0
3.567046877	19.0
3.567063179	19.0
3.572335441	19.0
3.572358427	19.0
3.573482774	18.0
3.574351484	17.0
3.576453966	18.0
3.579863366	18.0
3.579911429	18.0
3.581559874	18.0
3.581570715	18.0
3.587633791	17.0
3.590667788	17.0
3.590677633	17.0
3.59196589	17.0
3.591995948	17.0
3.592754683	18.0
3.596673174	18.0
3.59671478	18.0
3.598525704	18.0
3.598548434	18.0
3.598683134	17.0
3.599844171	17.0
3.599901192	17.0
3.601124024	17.0
3.601143902	17.0
3.603519781	16.0
3.61198982	15.0
3.616851106	15.0
3.616944905	15.0
3.624108483	16.0
3.624489534	17.0
3.624580298	16.0
3.628208622	16.0
3.628210867	16.0
3.638051823	16.0
3.638061	16.0
3.639716034	15.0
3.646129131	14.0
3.646573477	14.0
3.646657463	14.0
3.647973387	14.0
3.647977793	14.0
3.653975935	14.0
3.657359757	14.0
3.657370752	14.0
3.658626304	14.0
3.65866789	14.0
3.659123669	14.0
3.659124804	14.0
3.664435771	15.0
3.664520062	15.0
3.664544775	15.0
3.672889167	14.0
3.677488628	15.0
3.681199231	16.0
3.684542793	17.0
3.684919611	17.0
3.684921718	17.0
3.68663146	17.0
3.686696342	17.0
3.68680562	17.0
3.693357735	17.0
3.693394424	17.0
3.69500106	17.0
3.695023289	17.0
3.695520474	17.0
3.695555815	17.0
3.699387989	17.0
3.699393738	17.0
3.704568924	18.0
3.708395974	17.0
3.709364956	16.0
3.709531309	16.0
3.709532437	16.0
3.709994475	16.0
3.710528896	16.0
3.710535119	16.0
3.712049144	16.0
3.71208705	16.0
3.719178804	16.0
3.72684303	16.0
3.726896879	16.0
3.727931847	15.0
3.734029108	15.0
3.734071551	15.0
3.735656547	15.0
3.735689236	15.0
3.737243193	16.0
3.740951642	16.0
3.741014698	16.0
3.741417754	16.0
3.741460447	16.0
3.741498231	16.0
3.741525519	16.0
3.742419249	16.0
3.742425292	16.0
3.74296656	17.0
3.745631217	16.0
3.746292319	16.0
3.746303224	16.0
3.749769313	16.0
3.749852002	16.0
3.752228965	16.0
3.752272255	16.0
3.75978417	16.0
3.759852665	16.0
3.76224276	16.0
3.762256344	16.0
3.766465583	17.0
3.771009223	16.0
3.776700431	16.0
3.776736647	16.0
3.778257246	16.0
3.778275694	16.0
3.77883782	16.0
3.778880384	16.0
3.782205131	16.0
3.784115313	15.0
3.786364992	14.0
3.790045626	15.0
3.792014335	15.0
3.79353355	15.0
3.793539687	15.0
3.79380905	14.0
3.794373084	15.0
3.796921473	15.0
3.79698689	15.0
3.799842296	15.0
3.799916453	15.0
3.800381364	16.0
3.802692856	16.0
3.802720765	16.0
3.803430215	16.0
3.803434141	16.0
3.803753952	16.0
3.804471152	16.0
3.804507406	16.0
3.804641724	16.0
3.804693386	16.0
3.804779581	16.0
3.804834876	16.0
3.808728439	16.0
3.808767243	16.0
3.816774021	16.0
3.816826653	16.0
3.818364078	17.0
3.824158989	17.0
3.826234926	17.0
3.826235843	17.0
3.827565978	16.0
3.82804058	17.0
3.832289179	16.0
3.836273708	16.0
3.836295927	16.0
3.838346889	16.0
3.838418344	16.0
3.841368045	16.0
3.841474085	16.0
3.841628353	17.0
3.844644818	17.0
3.844647653	17.0
3.847853926	17.0
3.847884598	17.0
3.849613372	17.0
3.849684866	17.0
3.855945961	16.0
3.858793915	16.0
3.862226339	17.0
3.867680017	18.0
3.87418109	18.0
3.877143723	17.0
3.882752332	17.0
3.882785852	17.0
3.890604748	17.0
3.890608144	17.0
3.890886885	17.0
3.890914662	17.0
3.898146541	17.0
3.898164151	17.0
3.900677083	17.0
3.900706227	17.0
3.908535098	18.0
3.911825207	18.0
3.911904328	18.0
3.918749468	19.0
3.921003699	19.0
3.921014879	19.0
3.921580995	19.0
3.921584877	19.0
3.921965336	19.0
3.922029064	19.0
3.925459128	20.0
3.925460669	21.0
3.934748314	21.0
3.934949458	21.0
3.935048315	21.0
3.935054302	21.0
3.935836429	21.0
3.935939241	21.0
3.937363375	22.0
3.937901758	22.0
3.93795477	22.0
3.946907646	22.0
3.946938713	22.0
3.953854727	23.0
3.954464472	23.0
3.954543817	23.0
3.958411142	22.0
3.95878047	23.0
3.965157513	23.0
3.965188675	23.0
3.965353837	24.0
3.968852666	24.0
3.96886535	24.0
3.969114137	23.0
3.969264836	24.0
3.972727956	25.0
3.975577132	24.0
3.979325793	23.0
3.985049534	22.0
3.986823341	21.0
3.987150707	22.0
3.990741543	22.0
3.990804711	22.0
3.991250829	22.0
3.99128338	22.0
3.999882855	22.0
3.99992833	22.0
4.001556866	23.0
4.002121339	22.0
4.006616391	21.0
4.013452778	20.0
4.017473188	21.0
4.018816758	21.0
4.019365839	20.0
4.01946438	20.0
4.019512529	20.0
4.02351566	19.0
4.027627194	20.0
4.028070053	20.0
4.028144108	20.0
4.028332085	20.0
4.028340674	20.0
4.031956132	20.0
4.031998053	20.0
4.032010229	20.0
4.032899715	20.0
4.032958716	20.0
4.034464652	20.0
4.034601743	20.0
4.036167731	20.0
4.036173272	20.0
4.036479027	20.0
4.036599317	20.0
4.036758571	20.0
4.036759964	20.0
4.05102179	20.0
4.051161685	20.0
4.051175144	20.0
4.051221772	20.0
4.058937883	20.0
4.059018063	20.0
4.067219645	19.0
4.070072406	20.0
4.071487523	19.0
4.072293771	18.0
4.079545731	18.0
4.07955227	18.0
4.082624145	18.0
4.082716464	18.0
4.084199696	17.0
4.085771721	18.0
4.090490664	18.0
4.090498528	18.0
4.09764507	18.0
4.097654069	18.0
4.09972092	19.0
4.099812929	20.0
4.112593349	20.0
4.112620286	20.0
4.114277405	20.0
4.114281312	20.0
4.115393428	20.0
4.115417275	20.0
4.118723873	20.0
4.118728122	20.0
4.120608206	20.0
4.120613615	20.0
4.121867814	20.0
4.121895188	20.0
4.12383554	19.0
4.127545351	19.0
4.127637273	19.0
4.127746316	19.0
4.127808117	19.0
4.130128489	19.0
4.130258234	19.0
4.130406283	19.0
4.130413567	19.0
4.131406518	18.0
4.132189344	18.0
4.132292984	18.0
4.135076331	18.0
4.135323655	18.0
4.136477323	19.0
4.136986219	19.0
4.137063506	19.0
4.13740583	19.0
4.137418219	19.0
4.13760576	20.0
4.138647009	20.0
4.13879527	20.0
4.141092548	20.0
4.141183468	20.0
4.141906856	20.0
4.141909426	20.0
4.144293936	20.0
4.144308881	20.0
4.144332143	20.0
4.144343571	20.0
4.146567157	19.0
4.147765599	18.0
4.14821205	18.0
4.148223002	18.0
4.150148445	18.0
4.150201071	18.0
4.15479619	18.0
4.154868643	18.0
4.155011943	19.0
4.155678665	19.0
4.155704128	19.0
4.155759996	19.0
4.15576594	19.0
4.156505877	19.0
4.160446453	19.0
4.160525702	19.0
4.161536927	19.0
4.161664691	19.0
4.16464615	18.0
4.165756575	17.0
4.169114687	16.0
4.170339686	16.0
4.170356746	16.0
4.174487798	16.0
4.174518674	16.0
4.177083709	16.0
4.177230157	15.0
4.179651584	15.0
4.179704079	15.0
4.179773315	14.0
4.181341096	14.0
4.181341313	14.0
4.183199495	14.0
4.183201294	14.0
4.183268566	13.0
4.187938933	14.0
4.189874293	13.0
4.19054598	14.0
4.193671289	13.0
4.19367761	14.0
4.196723454	14.0
4.207128071	14.0
4.207131346	14.0
4.209615905	15.0
4.211471226	16.0
4.213131709	16.0
4.214290909	16.0
4.215066933	16.0
4.218207463	17.0
4.218421938	17.0
4.218877469	16.0
4.225224335	17.0
4.226495765	17.0
4.231359735	16.0
4.231477888	15.0
4.235210523	16.0
4.237305609	17.0
4.242170357	17.0
4.242236848	17.0
4.243006327	17.0
4.24309398	17.0
4.243197842	17.0
4.248851302	17.0
4.25358706	18.0
4.258453186	19.0
4.258602899	20.0
4.259601137	20.0
4.25965895	20.0
4.259666409	20.0
4.274050499	19.0
4.274666077	19.0
4.274672668	19.0
4.280514993	19.0
4.28053216	19.0
4.283140577	18.0
4.28457644	18.0
4.286642028	18.0
4.286659389	18.0
4.289358742	17.0
4.290630755	18.0
4.293244229	17.0
4.293922315	17.0
4.293948869	17.0
4.296840406	17.0
4.296863562	17.0
4.297217974	17.0
4.297227268	17.0
4.298782885	18.0
4.302968366	18.0
4.302976348	18.0
4.308712434	18.0
4.308737303	18.0
4.309896635	17.0
4.31612487	17.0
4.323347321	17.0
4.323360312	17.0
4.323554702	17.0
4.323601191	17.0
4.323847867	17.0
4.323890309	17.0
4.329565356	17.0
4.329605897	17.0
4.330982782	16.0
4.331134655	16.0
4.331187262	16.0
4.331659579	15.0
4.331900088	15.0
4.331942636	15.0
4.336806976	15.0
4.336839092	15.0
4.337877263	16.0
4.339690161	16.0
4.339695219	16.0
4.340669137	16.0
4.345464627	17.0
4.346582967	16.0
4.351132713	16.0
4.351147604	16.0
4.355547636	16.0
4.355616206	16.0
4.357907506	17.0
4.362508331	16.0
4.362657011	17.0
4.36410263	17.0
4.364145886	17.0
4.364964175	17.0
4.367167957	16.0
4.368734755	17.0
4.372303562	18.0
4.373824924	19.0
4.374444427	20.0
4.376983765	19.0
4.38508643	18.0
4.391744107	17.0
4.397295462	17.0
4.397299958	17.0
4.397346449	17.0
4.400144888	17.0
4.400193125	18.0
4.401564697	18.0
4.405491263	19.0
4.408428906	20.0
4.410138899	21.0
4.410937686	20.0
4.414808863	20.0
4.414908647	20.0
4.421200754	19.0
4.422531621	18.0
4.424572082	18.0
4.424624853	18.0
4.426633318	17.0
4.426870639	17.0
4.433732751	17.0
4.433766633	17.0
4.434682682	17.0
4.444306674	17.0
4.444350636	17.0
4.453963978	17.0
4.453977513	17.0
4.454463991	17.0
4.454514568	17.0
4.455185242	18.0
4.462926212	18.0
4.462991598	18.0
4.464187303	18.0
4.464204822	18.0
4.46904001	17.0
4.471779501	18.0
4.473417	19.0
4.475106961	18.0
4.478306225	18.0
4.478337782	18.0
4.478558284	18.0
4.478630049	18.0
4.488097286	18.0
4.488103751	18.0
4.497595486	18.0
4.497629315	18.0
4.501715072	18.0
4.501772213	18.0
4.50251445	17.0
4.502643759	17.0
4.502688952	17.0
4.509720576	18.0
4.511112522	17.0
4.512312684	18.0
4.51357935	17.0
4.521307315	18.0
4.523990222	18.0
4.524032315	18.0
4.5245702	18.0
4.52460336	18.0
4.532702797	18.0
4.532766541	18.0
4.537627439	18.0
4.53769392	18.0
4.537978101	17.0
4.538037188	17.0
4.54063384	17.0
4.540669657	17.0
4.54259782	17.0
4.542635351	17.0
4.543958537	17.0
4.544003837	17.0
4.546480238	18.0
4.550788137	19.0
4.557750611	18.0
4.558112093	17.0
4.558374139	18.0
4.558669122	18.0
4.559063453	19.0
4.561683916	19.0
4.563234487	19.0
4.563319406	19.0
4.565420109	20.0
4.568586822	20.0
4.568589855	20.0
4.571376908	19.0
4.576483614	19.0
4.576751515	19.0
4.576786093	19.0
4.585345397	18.0
4.586880686	17.0
4.588328986	18.0
4.58963207	18.0
4.589640109	18.0
4.592114567	17.0
4.594601672	17.0
4.594602609	17.0
4.597359465	18.0
4.59925618	18.0
4.605454952	18.0
4.605879811	18.0
4.605909798	18.0
4.606144771	17.0
4.607047763	16.0
4.611510653	17.0
4.612001071	18.0
4.612100223	18.0
4.612101374	18.0
4.614029958	19.0
4.614975212	19.0
4.616215857	19.0
4.616274417	19.0
4.619922067	18.0
4.620412053	18.0
4.620423132	18.0
4.623379602	18.0
4.623380494	18.0
4.624512571	18.0
4.624538935	18.0
4.62776808	19.0
4.628856626	20.0
4.629002047	20.0
4.629084902	20.0
4.63007276	20.0
4.633183847	20.0
4.633219062	20.0
4.641247592	19.0
4.642890263	19.0
4.6428968	19.0
4.644085016	19.0
4.644158838	19.0
4.64912169	19.0
4.649122377	19.0
4.650782725	18.0
4.652882361	18.0
4.652933442	18.0
4.656768697	17.0
4.65942447	17.0
4.659476388	17.0
4.662885445	17.0
4.662887572	17.0
4.664601496	17.0
4.664704826	17.0
4.666139912	18.0
4.66786016	17.0
4.672912831	17.0
4.672919189	17.0
4.673092758	16.0
4.679304578	16.0
4.680749808	17.0
4.681883342	18.0
4.683389735	19.0
4.686107685	19.0
4.68611042	19.0
4.691871521	19.0
4.691888697	19.0
4.693560066	19.0
4.693571531	19.0
4.694316551	18.0
4.694421186	17.0
4.697096113	17.0
4.697187737	17.0
4.699296938	18.0
4.702685433	18.0
4.702750622	18.0
4.703548217	17.0
4.706496117	17.0
4.70654893	17.0
4.706730884	17.0
4.706733281	17.0
4.708213631	17.0
4.712135053	18.0
4.716128146	18.0
4.716155669	18.0
4.717431247	18.0
4.717493358	18.0
4.720547379	17.0
4.722487331	17.0
4.725998985	17.0
4.726079615	17.0
4.731265552	17.0
4.731300174	17.0
4.731951703	18.0
4.732816668	17.0
4.73360862	16.0
4.735827151	16.0
4.736045543	16.0
4.737398297	16.0
4.737520242	15.0
4.739624551	16.0
4.744442566	16.0
4.744456797	16.0
4.746622146	17.0
4.755587252	17.0
4.755594995	17.0
4.756286522	16.0
4.756591444	16.0
4.756706162	16.0
4.759140239	16.0
4.75916409	16.0
4.763369797	16.0
4.76342083	16.0
4.775015901	16.0
4.775130016	16.0
4.775535599	16.0
4.777989416	17.0
4.778698368	18.0
4.778915189	18.0
4.781536604	18.0
4.781537365	18.0
4.784668646	18.0
4.784716972	18.0
4.785796705	17.0
4.787865474	17.0
4.787878903	17.0
4.790117844	18.0
4.792380918	19.0
4.793794319	19.0
4.793801191	19.0
4.796650035	18.0
4.798089785	18.0
4.798107845	18.0
4.79954395	17.0
4.799831141	16.0
4.801568686	17.0
4.801647787	17.0
4.801808699	17.0
4.802791751	17.0
4.802807365	17.0
4.804351736	17.0
4.804423687	17.0
4.804944412	17.0
4.804981849	18.0
4.804982813	19.0
4.805019165	19.0
4.81167202	20.0
4.813090032	20.0
4.813098534	20.0
4.817242087	21.0
4.82116328	21.0
4.82122599	21.0
4.822590615	21.0
4.822738647	21.0
4.822995391	20.0
4.824168786	20.0
4.82422037	20.0
4.82590179	20.0
4.825921408	20.0
4.829889568	21.0
4.830473778	22.0
4.830706183	23.0
4.838977292	23.0
4.839000596	23.0
4.842450001	22.0
4.842467034	21.0
4.843619082	21.0
4.84361924	21.0
4.844078246	22.0
4.844308059	23.0
4.84577001	22.0
4.846930562	22.0
4.847335906	22.0
4.847403373	22.0
4.849981072	22.0
4.850291163	23.0
4.850339011	23.0
4.85078451	23.0
4.85079137	23.0
4.85152622	22.0
4.852931579	22.0
4.854893594	22.0
4.858256373	21.0
4.858480762	21.0
4.859929678	21.0
4.859981445	21.0
4.860252068	20.0
4.86092857	19.0
4.863877729	20.0
4.86787802	21.0
4.872987697	21.0
4.873024886	21.0
4.873757222	21.0
4.873761943	21.0
4.873959974	22.0
4.875064094	22.0
4.875112573	22.0
4.875873444	23.0
4.876338116	24.0
4.87640205	24.0
4.876584194	24.0
4.876595637	24.0
4.876631941	24.0
4.880396984	24.0
4.880409414	24.0
4.882348737	24.0
4.882406903	24.0
4.883285569	23.0
4.88441148	23.0
4.884468642	23.0
4.886093363	24.0
4.890670665	23.0
4.891794714	24.0
4.893660239	25.0
4.896006784	26.0
4.903518367	25.0
4.90354593	26.0
4.905634604	27.0
4.908503829	27.0
4.908506877	27.0
4.909454909	28.0
4.910695883	28.0
4.910715276	28.0
4.913246221	27.0
4.91445452	28.0
4.916684301	27.0
4.920778656	27.0
4.921584147	27.0
4.922435568	27.0
4.922479074	27.0
4.931332991	28.0
4.932214822	28.0
4.932235299	28.0
4.933272054	28.0
4.933358933	28.0
4.936444393	29.0
4.939664571	29.0
4.939666213	29.0
4.940101238	29.0
4.940131046	29.0
4.942238442	28.0
4.944053007	27.0
4.945056482	27.0
4.947118581	26.0
4.949775627	25.0
4.949960313	25.0
4.950045663	25.0
4.950060785	25.0
4.950803058	24.0
4.951804655	24.0
4.951961802	24.0
4.954762392	25.0
4.955948975	25.0
4.955967447	25.0
4.959048885	25.0
4.960737656	26.0
4.961328089	26.0
4.962737293	27.0
4.965396759	28.0
4.973252309	29.0
4.981129095	29.0
4.981132105	29.0
4.984872156	30.0
4.986581052	29.0
4.993059732	28.0
4.993972665	27.0
4.993978831	27.0
4.994029179	27.0
4.999392721	26.0