t	(Var=CABC_Count) CABC_Count (number of particles)
0.0	0.0
2.94902458E-5	0.0
1.250079474E-4	0.0
1.953049654E-4	0.0
2.142829363E-4	0.0
4.379720132E-4	0.0
4.405921247E-4	0.0
5.41351781E-4	0.0
5.767694761E-4	0.0
6.410406049E-4	0.0
7.310341437E-4	0.0
7.338874638E-4	0.0
9.213261234E-4	0.0
9.326617167E-4	0.0
9.918070899E-4	0.0
0.001004931076	0.0
0.001053755897	0.0
0.001094936952	0.0
0.001110510322	0.0
0.001173980197	0.0
0.001281588205	0.0
0.001284490559	0.0
0.001297421665	0.0
0.001319976997	0.0
0.001387411852	0.0
0.001417625918	0.0
0.001485309904	0.0
0.00153572892	0.0
0.00163063664	0.0
0.001740645603	0.0
0.001795904561	0.0
0.001868382577	0.0
0.00195338289	0.0
0.002141519987	0.0
0.002271915434	0.0
0.002279917983	0.0
0.002377675394	0.0
0.002396052414	0.0
0.002463395995	0.0
0.002465304954	0.0
0.002531593263	0.0
0.002535430445	0.0
0.002537216805	0.0
0.002540841525	0.0
0.002561180312	0.0
0.002579268239	0.0
0.002642562937	0.0
0.002643309562	0.0
0.002814484609	0.0
0.002817280546	0.0
0.00281843703	0.0
0.002870483524	0.0
0.002878195364	0.0
0.002891076652	0.0
0.003188067363	0.0
0.003288312412	0.0
0.003442256764	0.0
0.003562749139	0.0
0.003594491336	0.0
0.003660694183	0.0
0.003702384123	0.0
0.003772160885	0.0
0.003819762114	0.0
0.003842390599	0.0
0.003871569059	0.0
0.003961301107	0.0
0.003989006459	0.0
0.003991272922	0.0
0.004210139132	0.0
0.004321251291	0.0
0.004491982576	0.0
0.004517422608	0.0
0.004530895806	0.0
0.004782774714	0.0
0.004792593267	0.0
0.004875045684	0.0
0.004884790633	0.0
0.005116504577	0.0
0.005254312508	0.0
0.005255553348	0.0
0.005484118891	0.0
0.005550162616	0.0
0.005620196233	0.0
0.00591419818	0.0
0.006084310401	0.0
0.006159781229	0.0
0.006200374375	0.0
0.006222776384	0.0
0.006294698422	0.0
0.006356979031	0.0
0.006459512257	0.0
0.006587063694	0.0
0.006659948435	0.0
0.006661699999	0.0
0.006777489276	0.0
0.006843444506	0.0
0.006914014095	0.0
0.006980077019	0.0
0.006986112472	0.0
0.00706021071	0.0
0.007188961196	0.0
0.007227237686	0.0
0.007375398744	0.0
0.007416800177	0.0
0.007482738578	0.0
0.007539792801	0.0
0.00789694693	0.0
0.008033371641	0.0
0.008209545619	0.0
0.008398540875	0.0
0.008414641676	0.0
0.008468906245	0.0
0.008915354576	0.0
0.009145707396	1.0
0.009400554188	1.0
0.009614697162	1.0
0.009979466447	1.0
0.009983229132	1.0
0.009998486324	1.0
0.01025453962	1.0
0.0103893257	1.0
0.01083448239	1.0
0.01096510052	1.0
0.01097893466	1.0
0.01102103818	1.0
0.01168474693	1.0
0.01195974309	1.0
0.0120126215	1.0
0.01212033857	1.0
0.01229856651	1.0
0.01242959211	1.0
0.01266407648	1.0
0.01277179336	1.0
0.01278016771	1.0
0.01279996541	2.0
0.01280414132	2.0
0.01338640444	2.0
0.01340397469	2.0
0.01349800334	2.0
0.0136323446	2.0
0.01391104409	3.0
0.01393214634	4.0
0.01397186257	4.0
0.01412992053	4.0
0.01427053807	4.0
0.0144613262	4.0
0.01464855531	5.0
0.0147135425	5.0
0.01491130561	5.0
0.01522942419	5.0
0.01559243245	5.0
0.01573644611	5.0
0.01599687337	6.0
0.01602679147	6.0
0.01604958209	6.0
0.01629754635	6.0
0.01631975363	6.0
0.01701628317	6.0
0.0177818479	6.0
0.01797366981	6.0
0.01842528179	6.0
0.01849602009	6.0
0.01863775459	6.0
0.01871111693	6.0
0.01872772082	7.0
0.01903011441	7.0
0.01909029394	8.0
0.01932576387	8.0
0.01935392353	9.0
0.01955821361	9.0
0.01958664083	9.0
0.01981416809	10.0
0.01994276392	10.0
0.02030447754	11.0
0.02074609066	12.0
0.02089401008	12.0
0.0210798402	12.0
0.02122753169	13.0
0.02133224428	13.0
0.02136263962	13.0
0.02210181412	13.0
0.02246544597	13.0
0.02282028261	13.0
0.02312235673	13.0
0.02374757204	13.0
0.02397310215	13.0
0.02415793023	13.0
0.02446543661	13.0
0.02482607402	13.0
0.02491980529	13.0
0.02530691099	13.0
0.02598764216	13.0
0.02661985141	14.0
0.02691098402	14.0
0.02783863143	14.0
0.02802969417	15.0
0.02807177326	16.0
0.02810147449	17.0
0.02812263146	17.0
0.02857932905	17.0
0.02876680616	18.0
0.02895593186	18.0
0.02906983989	18.0
0.02937852728	18.0
0.03055557618	18.0
0.03152572245	18.0
0.03160976313	18.0
0.03168446116	19.0
0.03171042234	19.0
0.03180414412	19.0
0.03252440353	18.0
0.03254321522	19.0
0.03302345719	19.0
0.03330674809	20.0
0.03403588292	20.0
0.0342324338	20.0
0.03492700062	20.0
0.03553210174	21.0
0.0358969898	22.0
0.03605384913	21.0
0.03609073096	22.0
0.03614686617	23.0
0.0374126348	23.0
0.03801430271	24.0
0.03827519094	23.0
0.03827650602	24.0
0.03898851138	25.0
0.04007275975	25.0
0.04010892047	26.0
0.0412127221	27.0
0.04123115224	28.0
0.0413319107	29.0
0.04236660965	30.0
0.04268744503	31.0
0.04450887861	31.0
0.04473707294	32.0
0.04556913609	32.0
0.04657075462	33.0
0.04706517475	33.0
0.04742300976	34.0
0.04995379348	34.0
0.05068114091	35.0
0.05098935465	36.0
0.05206534501	37.0
0.05275449714	37.0
0.05310371595	37.0
0.05345686102	37.0
0.05390797257	38.0
0.05456710796	38.0
0.05567761845	39.0
0.05617047008	39.0
0.05758162247	38.0
0.05792384469	39.0
0.06042077579	40.0
0.0608719403	40.0
0.0620446813	41.0
0.06304270453	40.0
0.06307828272	41.0
0.06310066245	41.0
0.06314124233	42.0
0.06411759716	43.0
0.06419575586	44.0
0.06472133828	44.0
0.06480707922	45.0
0.06509077549	45.0
0.06538894582	46.0
0.06631634289	46.0
0.066485869	47.0
0.0699552241	46.0
0.06996196935	47.0
0.07243094264	48.0
0.0764650677	49.0
0.0766487505	50.0
0.07953015539	50.0
0.08010412029	50.0
0.08026706166	51.0
0.08577195532	52.0
0.08579488875	53.0
0.08697287934	54.0
0.08877244103	53.0
0.08928271245	54.0
0.0896958303	55.0
0.09020908017	55.0
0.09081050319	56.0
0.09560241413	55.0
0.09560347178	56.0
0.09927861831	57.0
0.1009818811	58.0
0.1057688177	59.0
0.1061464927	60.0
0.1064330991	60.0
0.1078232352	60.0
0.1097136707	61.0
0.1127540802	61.0
0.1131271763	61.0
0.1154820173	61.0
0.1183470052	60.0
0.1183828802	61.0
0.1194125057	62.0
0.1201342793	62.0
0.1243143862	62.0
0.1277960046	62.0
0.1282130703	62.0
0.1341015309	61.0
0.135184036	62.0
0.1362814221	63.0
0.13798875	62.0
0.1380124614	63.0
0.1391246298	64.0
0.1471876104	64.0
0.1484581379	64.0
0.1488608391	65.0
0.1491181294	66.0
0.1558153868	67.0
0.1608680444	66.0
0.1608712461	67.0
0.1609937886	66.0
0.1610455445	67.0
0.16358564	67.0
0.1641627352	66.0
0.1641743767	67.0
0.1656626664	66.0
0.165666308	67.0
0.1667274955	67.0
0.1673344779	68.0
0.167468979	69.0
0.1697319074	68.0
0.1705965613	67.0
0.1733411187	68.0
0.1741785242	69.0
0.1744220542	70.0
0.1770947576	71.0
0.1787912601	72.0
0.1857707532	72.0
0.1865895827	71.0
0.1866003282	72.0
0.1886556688	71.0
0.1886621029	72.0
0.1890233629	72.0
0.1891034695	71.0
0.1892645363	71.0
0.1896618443	71.0
0.1945814551	72.0
0.1963502143	72.0
0.1986166658	72.0
0.1990604506	71.0
0.2003652639	72.0
0.2015838864	71.0
0.2017022783	72.0
0.2062348386	72.0
0.2091905931	72.0
0.2109640261	71.0
0.2116500768	70.0
0.2116509309	71.0
0.2126911303	70.0
0.2148919841	69.0
0.2149004407	68.0
0.2149656229	69.0
0.2158041664	70.0
0.2186289885	69.0
0.2186373465	70.0
0.2197894982	70.0
0.220057383	70.0
0.2212533052	69.0
0.2212755002	70.0
0.2234724465	69.0
0.2234919815	70.0
0.2243927789	69.0
0.2244062223	70.0
0.2245361589	69.0
0.2245369218	70.0
0.2260063578	69.0
0.2260932283	69.0
0.2334645927	68.0
0.2345776582	69.0
0.2347780989	68.0
0.2354690701	67.0
0.2354794996	68.0
0.2388844844	69.0
0.2404602843	69.0
0.2404859532	69.0
0.2418793371	70.0
0.2419384858	71.0
0.2433964575	70.0
0.2434238072	71.0
0.2447054905	70.0
0.2447815992	71.0
0.2459638889	71.0
0.2509202022	70.0
0.2509425076	71.0
0.2514047905	71.0
0.2528604151	71.0
0.2529042406	72.0
0.2530795744	71.0
0.2530917098	72.0
0.2533958666	71.0
0.2534240675	72.0
0.2534910971	71.0
0.2534944141	72.0
0.2591182719	73.0
0.2599280897	74.0
0.2649421703	73.0
0.2662674977	74.0
0.2718367894	75.0
0.2752845027	74.0
0.2776923173	73.0
0.2776929501	74.0
0.2785066428	73.0
0.2785660401	74.0
0.2829852481	73.0
0.2830117653	74.0
0.2835953935	74.0
0.283643127	73.0
0.283657444	74.0
0.2858993161	73.0
0.2860249304	74.0
0.286710109	73.0
0.2867640722	74.0
0.288414917	73.0
0.2904470369	73.0
0.2913166093	74.0
0.291944908	75.0
0.2947785456	74.0
0.2947813601	75.0
0.2972708926	74.0
0.2983426986	73.0
0.2983849243	74.0
0.2991775349	75.0
0.3031569927	74.0
0.3032171154	75.0
0.3032971781	75.0
0.3093214554	76.0
0.3096060589	75.0
0.3108262087	76.0
0.3131652811	75.0
0.3140849516	74.0
0.3141692835	75.0
0.3151697961	74.0
0.3152148415	75.0
0.3175350508	74.0
0.3175780599	75.0
0.3181056464	76.0
0.3191724252	77.0
0.3223267879	78.0
0.3233999922	78.0
0.3258944961	79.0
0.3297880227	79.0
0.3308052498	79.0
0.3391203469	78.0
0.3406079477	77.0
0.3406135689	78.0
0.3422776414	79.0
0.3432600499	78.0
0.3432622176	79.0
0.349001687	78.0
0.3496094871	77.0
0.3496494196	78.0
0.3534255073	79.0
0.3534626854	78.0
0.3620680363	77.0
0.3620885686	78.0
0.3622538214	77.0
0.3622961558	78.0
0.3682583929	77.0
0.3706045417	76.0
0.3706114351	77.0
0.3745264593	77.0
0.3801942998	77.0
0.390124456	76.0
0.3901344734	77.0
0.3914549165	76.0
0.3914899694	75.0
0.3915176182	76.0
0.3915182053	77.0
0.393015715	78.0
0.3936494553	77.0
0.393660814	78.0
0.3988678691	79.0
0.3999711164	78.0
0.4078406792	77.0
0.413445401	78.0
0.4155973569	78.0
0.4179560666	77.0
0.4202255995	76.0
0.4214140148	75.0
0.4214141166	76.0
0.4221589563	77.0
0.4241960745	76.0
0.4242164104	77.0
0.4276109489	77.0
0.4314369958	76.0
0.4314596403	77.0
0.4397035013	77.0
0.4417614736	77.0
0.4449301852	77.0
0.4459818798	77.0
0.446513774	77.0
0.452848856	78.0
0.4531154748	78.0
0.4597302788	77.0
0.4649691455	76.0
0.4649902697	77.0
0.4680260568	76.0
0.4692247081	77.0
0.4775052224	76.0
0.477509546	77.0
0.4808050455	76.0
0.4808320447	75.0
0.4808330991	76.0
0.4819357942	77.0
0.4819631454	76.0
0.4819646199	77.0
0.4825941922	78.0
0.4853042034	77.0
0.4853613992	78.0
0.492741133	77.0
0.5012852986	76.0
0.5053326877	75.0
0.5053483262	76.0
0.5090070679	75.0
0.5090286884	76.0
0.509067338	76.0
0.5091556403	75.0
0.5115303684	76.0
0.5232014753	76.0
0.5315711644	76.0
0.5321737223	76.0
0.5371257312	75.0
0.5372042586	76.0
0.5374865804	76.0
0.540706732	76.0
0.5410646383	76.0
0.5549569694	77.0
0.5574629196	76.0
0.5574759481	77.0
0.5577596565	76.0
0.557769577	77.0
0.5609994662	76.0
0.5610018288	77.0
0.5620846075	77.0
0.5703233864	77.0
0.5708028513	76.0
0.5709653915	75.0
0.5710270566	76.0
0.5721892605	76.0
0.5736793397	75.0
0.5737492386	76.0
0.5764493423	75.0
0.5815139268	76.0
0.5823655898	75.0
0.5823804439	76.0
0.5848668102	75.0
0.5848937351	76.0
0.5934066208	77.0
0.5969389678	76.0
0.5969462649	77.0
0.5973129145	76.0
0.6014739433	75.0
0.6015161648	76.0
0.6038926184	77.0
0.6086354741	76.0
0.6086840778	77.0
0.6097291835	76.0
0.6097527862	75.0
0.6097607293	76.0
0.6097635075	77.0
0.6106446499	78.0
0.6122302038	77.0
0.6140811869	76.0
0.6144314366	75.0
0.6144414474	76.0
0.614672143	75.0
0.6146740226	76.0
0.614932584	75.0
0.6150743292	76.0
0.6150747327	75.0
0.6173167702	74.0
0.6173807848	75.0
0.6176832245	76.0
0.622666846	76.0
0.6246572283	77.0
0.6308422187	76.0
0.630848174	77.0
0.632285784	76.0
0.6335465704	75.0
0.6338050503	74.0
0.6339366387	75.0
0.640785317	75.0
0.6425914455	75.0
0.6439361602	75.0
0.6447949444	74.0
0.6448587422	75.0
0.6453474969	74.0
0.6453667517	75.0
0.6467265743	75.0
0.6472401713	75.0
0.6483116578	76.0
0.6515809788	77.0
0.6535332567	77.0
0.6544200022	78.0
0.6549903011	77.0
0.654991918	78.0
0.6589830933	77.0
0.6590283288	78.0
0.6593745505	79.0
0.6603916335	78.0
0.6623690179	77.0
0.6624234683	76.0
0.6624417162	77.0
0.6640019639	76.0
0.664041622	77.0
0.6686787923	76.0
0.6716538709	76.0
0.6716855782	75.0
0.6717240709	74.0
0.6717368886	75.0
0.6730032497	75.0
0.6746936935	75.0
0.6750654816	75.0
0.676397467	74.0
0.6765506387	75.0
0.6790750396	76.0
0.6840772392	75.0
0.6841101497	76.0
0.6873256607	77.0
0.6922844177	77.0
0.6951388656	77.0
0.6957183037	76.0
0.6957970615	77.0
0.6965173142	76.0
0.6968472431	76.0
0.6972186099	77.0
0.6977058341	78.0
0.6991475747	79.0
0.7034957218	78.0
0.7080131822	77.0
0.7080173421	78.0
0.708757711	79.0
0.7090418254	79.0
0.7098808578	80.0
0.709897286	81.0
0.7186284858	80.0
0.7202527779	80.0
0.7240800421	79.0
0.7241366159	80.0
0.7245377072	79.0
0.7255485965	78.0
0.7255581485	79.0
0.7267881326	78.0
0.726825877	79.0
0.7333406528	78.0
0.734355246	77.0
0.7372671151	76.0
0.7390423042	75.0
0.7390792899	76.0
0.7402591046	75.0
0.742380067	75.0
0.7456139889	75.0
0.7499639226	75.0
0.7539078345	75.0
0.7631972012	74.0
0.7657702671	73.0
0.7658166882	74.0
0.7676425724	74.0
0.7676839819	74.0
0.7678550472	75.0
0.7706181586	74.0
0.7726979806	73.0
0.7727116481	74.0
0.7763970001	73.0
0.7764002373	74.0
0.7768633175	73.0
0.7768736114	74.0
0.777983516	73.0
0.7780032852	74.0
0.7809835197	73.0
0.786035022	72.0
0.7860428765	73.0
0.7948273079	72.0
0.7974785683	72.0
0.7983192504	72.0
0.7992271628	71.0
0.802336789	71.0
0.805242701	70.0
0.8069738087	69.0
0.8080478091	69.0
0.8095192303	70.0
0.8102204839	69.0
0.810233604	70.0
0.8114482072	69.0
0.8247780226	70.0
0.8251919886	70.0
0.8262080368	70.0
0.8266743071	69.0
0.827706364	68.0
0.8277187902	69.0
0.8283567877	68.0
0.8283624188	69.0
0.8294724108	68.0
0.8294752315	69.0
0.8314435635	68.0
0.8330897133	67.0
0.8331221079	68.0
0.8364558556	67.0
0.836472565	68.0
0.8368128793	67.0
0.8368154306	68.0
0.8454195902	67.0
0.8456171106	66.0
0.8468056946	67.0
0.8468438926	67.0
0.847360373	66.0
0.8473820423	67.0
0.8515145539	66.0
0.851554883	67.0
0.8577045603	66.0
0.8578078684	67.0
0.8601319469	67.0
0.8602989696	68.0
0.8620196505	69.0
0.8656577478	70.0
0.8692027538	69.0
0.8692224329	70.0
0.8700313703	71.0
0.8709433202	72.0
0.8726763602	71.0
0.8726885978	72.0
0.8729921774	71.0
0.8730041568	72.0
0.8735441032	71.0
0.8736878628	72.0
0.8745681309	72.0
0.8762641414	72.0
0.876382431	73.0
0.8807390913	72.0
0.8837101338	72.0
0.8838507647	73.0
0.8845282896	72.0
0.8861194644	73.0
0.8881614288	72.0
0.8881690576	73.0
0.8883515375	73.0
0.8897256071	74.0
0.8906339731	73.0
0.8907003259	74.0
0.8922068612	73.0
0.8922184953	74.0
0.8924411286	74.0
0.8935860663	74.0
0.8968335605	73.0
0.8968679893	74.0
0.9003637092	74.0
0.9082019648	74.0
0.9083149555	74.0
0.9114185715	74.0
0.9156369386	73.0
0.9159456536	73.0
0.9226360478	73.0
0.9235566326	73.0
0.9266343544	74.0
0.9274678336	73.0
0.9275077217	74.0
0.9339789718	73.0
0.9340323922	74.0
0.9345501602	73.0
0.9345566162	74.0
0.9345969025	73.0
0.9356128741	73.0
0.9379943441	74.0
0.9389594762	75.0
0.9411354756	74.0
0.9411445858	75.0
0.9425849148	76.0
0.9455551822	77.0
0.9614093411	78.0
0.9620425974	79.0
0.9624070139	78.0
0.9625162979	79.0
0.9714779224	80.0
0.9747724579	81.0
0.9783453487	80.0
0.9783918919	81.0
0.9791493863	81.0
0.9825123341	80.0
0.9825521769	81.0
0.9858341433	82.0
0.9912365739	81.0
0.9912543305	82.0
0.9918390356	83.0
0.9922567903	84.0
0.9934695857	84.0
0.9964937688	85.0
1.000679487	84.0
1.002287737	83.0
1.002329761	84.0
1.004760212	84.0
1.005667117	83.0
1.005694191	84.0
1.006835083	84.0
1.007862099	85.0
1.008630521	84.0
1.008632794	85.0
1.014651205	84.0
1.014706246	85.0
1.01737994	84.0
1.017382001	85.0
1.027143455	84.0
1.027194896	85.0
1.028480355	84.0
1.028522461	85.0
1.030042886	84.0
1.030055323	85.0
1.031083923	85.0
1.034253102	84.0
1.035730927	83.0
1.035752461	84.0
1.039998226	85.0
1.046236882	84.0
1.049053331	83.0
1.049057651	84.0
1.049126576	83.0
1.049238658	84.0
1.056265388	83.0
1.06152188	82.0
1.065834651	81.0
1.065856507	82.0
1.075460796	81.0
1.075475835	82.0
1.075703051	81.0
1.075727915	82.0
1.075913613	81.0
1.078528059	81.0
1.079154242	80.0
1.083503411	79.0
1.083661497	80.0
1.087637883	81.0
1.088726001	81.0
1.089752156	80.0
1.089772044	81.0
1.093569811	82.0
1.09596399	83.0
1.096624591	82.0
1.096792033	82.0
1.099712672	83.0
1.099981398	84.0
1.100810195	85.0
1.102804399	84.0
1.105721162	85.0
1.107016935	84.0
1.107051457	85.0
1.107829465	84.0
1.114401735	83.0
1.114430968	84.0
1.123173999	83.0
1.123233169	84.0
1.124534941	83.0
1.124551156	84.0
1.126950165	83.0
1.126959175	84.0
1.130120193	83.0
1.130125675	84.0
1.132061496	83.0
1.132070748	84.0
1.133957359	84.0
1.137053441	83.0
1.137096546	84.0
1.137510085	83.0
1.137510733	84.0
1.137633292	83.0
1.141162848	82.0
1.141193504	83.0
1.141718305	82.0
1.141837579	83.0
1.142286735	82.0
1.14708625	81.0
1.150678582	80.0
1.150691911	81.0
1.154705034	81.0
1.155789801	80.0
1.155817755	81.0
1.156496567	80.0
1.158522467	80.0
1.15977784	79.0
1.160374213	78.0
1.1603874	79.0
1.160699514	78.0
1.160725207	79.0
1.161121085	78.0
1.161163214	79.0
1.162293662	79.0
1.163654109	78.0
1.163665699	79.0
1.167026689	80.0
1.168735765	79.0
1.16876063	80.0
1.169462489	79.0
1.169465915	80.0
1.169657315	81.0
1.174046281	80.0
1.174069376	81.0
1.177277606	80.0
1.17736705	81.0
1.180938545	80.0
1.180948262	81.0
1.181067992	80.0
1.189503023	81.0
1.190457586	80.0
1.190484667	81.0
1.19436356	82.0
1.194718271	81.0
1.194735389	82.0
1.19722707	83.0
1.197989768	82.0
1.198104192	83.0
1.20365269	82.0
1.205790505	81.0
1.20583135	82.0
1.206060356	83.0
1.207841823	84.0
1.21014131	83.0
1.210438973	82.0
1.2104661	83.0
1.2189541	82.0
1.218978781	83.0
1.22096205	84.0
1.222692993	83.0
1.222696278	84.0
1.225174508	85.0
1.227457459	86.0
1.228375748	85.0
1.238062884	84.0
1.238092995	85.0
1.238366393	84.0
1.238433678	85.0
1.242616606	84.0
1.242622143	85.0
1.243233273	86.0
1.243729733	85.0
1.243745082	86.0
1.246391332	85.0
1.246393989	86.0
1.249341462	85.0
1.249386977	86.0
1.254679332	85.0
1.254685582	84.0
1.254771914	85.0
1.25482952	86.0
1.254905013	87.0
1.269315784	88.0
1.273510899	87.0
1.273516016	88.0
1.27419441	87.0
1.276560933	86.0
1.27657519	87.0
1.278523554	86.0
1.283816555	85.0
1.283836787	86.0
1.283936506	86.0
1.284423335	85.0
1.285034263	84.0
1.28504033	85.0
1.28544961	86.0
1.287311692	87.0
1.287525385	87.0
1.295895732	86.0
1.295901662	87.0
1.296525912	86.0
1.296626248	87.0
1.297501687	86.0
1.297575052	87.0
1.299991734	86.0
1.300698559	85.0
1.300722174	86.0
1.303650645	85.0
1.303718395	86.0
1.313292093	85.0
1.313316541	86.0
1.326842446	85.0
1.326851131	86.0
1.328792214	87.0
1.328848538	86.0
1.328850677	87.0
1.329338237	86.0
1.3293394	87.0
1.346741621	86.0
1.346750219	87.0
1.35280411	86.0
1.358021179	85.0
1.358036056	86.0
1.358103042	87.0
1.360015712	86.0
1.36002669	87.0
1.365904424	86.0
1.365913276	87.0
1.374907731	86.0
1.374919972	87.0
1.375958239	87.0
1.378406081	87.0
1.379704073	86.0
1.379969862	85.0
1.379976806	86.0
1.383647796	85.0
1.383724306	86.0
1.38412103	85.0
1.386711991	84.0
1.386779581	85.0
1.387934298	84.0
1.387959859	85.0
1.388940656	85.0
1.389277217	84.0
1.389305126	85.0
1.390017946	86.0
1.393815299	85.0
1.393834589	86.0
1.396264725	85.0
1.396265463	86.0
1.398485066	85.0
1.402318355	84.0
1.40516025	84.0
1.406385012	83.0
1.406496931	84.0
1.406663768	85.0
1.411610177	84.0
1.411622455	85.0
1.414107253	84.0
1.415872054	84.0
1.41599604	83.0
1.416008077	84.0
1.416589139	84.0
1.420052096	85.0
1.423428104	86.0
1.425540875	85.0
1.428842867	84.0
1.428991164	85.0
1.435638426	84.0
1.435658515	85.0
1.436008292	84.0
1.436047458	85.0
1.43894762	84.0
1.439403702	83.0
1.44145945	82.0
1.441497092	83.0
1.444677955	82.0
1.444680156	83.0
1.44594343	82.0
1.446026335	83.0
1.446028842	82.0
1.446094617	83.0
1.448288011	82.0
1.44830056	83.0
1.449213547	83.0
1.451257542	82.0
1.45574347	81.0
1.45575279	82.0
1.467418623	81.0
1.469333603	80.0
1.469368829	81.0
1.470422521	80.0
1.470479667	81.0
1.471997321	82.0
1.47249846	82.0
1.473568274	81.0
1.473568901	82.0
1.4797127	81.0
1.479818243	82.0
1.481055892	81.0
1.481067991	82.0
1.482797599	81.0
1.485833412	80.0
1.486407005	80.0
1.494253082	80.0
1.497948432	79.0
1.497974783	80.0
1.497988743	81.0
1.499909692	80.0
1.508908591	79.0
1.508958784	80.0
1.520139707	79.0
1.528226356	78.0
1.528293386	79.0
1.529924318	78.0
1.529934117	79.0
1.531998475	78.0
1.532053685	79.0
1.532644882	78.0
1.53277329	79.0
1.534927	80.0
1.537182106	81.0
1.543380885	80.0
1.543423502	81.0
1.545893039	81.0
1.546329943	80.0
1.546333739	81.0
1.550737766	82.0
1.561292102	82.0
1.562926315	82.0
1.564817877	81.0
1.572124619	80.0
1.572242549	81.0
1.57322967	80.0
1.573304425	81.0
1.576144482	81.0
1.577822439	81.0
1.581678331	80.0
1.581704022	81.0
1.583435822	81.0
1.585937608	80.0
1.586643046	79.0
1.586653282	80.0
1.586714491	80.0
1.586782622	79.0
1.586790075	80.0
1.587906422	79.0
1.587928891	80.0
1.588282965	79.0
1.590264501	78.0
1.590282018	79.0
1.591735099	78.0
1.59178714	77.0
1.591795781	78.0
1.592253361	79.0
1.594750307	79.0
1.598096468	78.0
1.599073157	77.0
1.599077047	78.0
1.60084628	79.0
1.604066675	79.0
1.606630292	78.0
1.606687413	79.0
1.609009319	79.0
1.613680505	78.0
1.613746639	78.0
1.613761802	79.0
1.614986348	78.0
1.615007354	79.0
1.616486397	79.0
1.618307277	78.0
1.618349872	79.0
1.623868117	78.0
1.623894616	79.0
1.634075718	78.0
1.634118179	79.0
1.63831326	78.0
1.638396833	79.0
1.640928276	80.0
1.64223064	79.0
1.642240877	80.0
1.642756496	81.0
1.642977138	82.0
1.645650297	81.0
1.650904174	80.0
1.650907361	81.0
1.652394457	80.0
1.652413045	81.0
1.654673384	80.0
1.658254133	79.0
1.658257681	80.0
1.660416171	79.0
1.660418069	80.0
1.660534458	80.0
1.662558334	80.0
1.66965735	79.0
1.669710913	80.0
1.675136798	81.0
1.676469042	82.0
1.677556065	81.0
1.680130298	80.0
1.680225761	81.0
1.683233014	82.0
1.684144889	81.0
1.684760441	82.0
1.691146002	81.0
1.692015145	80.0
1.693629183	80.0
1.693846764	79.0
1.693935315	80.0
1.697520292	79.0
1.697523233	80.0
1.69756687	79.0
1.698451205	78.0
1.698476163	79.0
1.706389546	78.0
1.707222064	78.0
1.708207855	78.0
1.708892077	78.0
1.710891095	78.0
1.711513589	77.0
1.711602646	78.0
1.714747251	77.0
1.714765678	78.0
1.718648746	77.0
1.719001492	76.0
1.719054171	77.0
1.719708019	76.0
1.719710433	77.0
1.721251692	76.0
1.721260191	77.0
1.724672602	77.0
1.726156072	76.0
1.726161681	77.0
1.727266588	76.0
1.727786147	77.0
1.72846602	76.0
1.728527194	77.0
1.732508291	76.0
1.734573027	77.0
1.735232443	76.0
1.735317814	77.0
1.737768342	76.0
1.737790499	77.0
1.738084775	78.0
1.739209652	79.0
1.7396978	79.0
1.739985674	79.0
1.748179077	78.0
1.749342449	79.0
1.749354083	80.0
1.751534976	79.0
1.751577496	80.0
1.755918111	79.0
1.755970952	80.0
1.76215117	79.0
1.762177023	80.0
1.76560729	79.0
1.765629343	80.0
1.767079609	80.0
1.768918251	80.0
1.771335176	79.0
1.771379007	80.0
1.772230775	79.0
1.775962848	78.0
1.776000322	79.0
1.778624971	78.0
1.778649437	79.0
1.78073158	78.0
1.781159682	77.0
1.781222156	78.0
1.789673686	77.0
1.79525358	76.0
1.795285674	77.0
1.796800154	76.0
1.796810357	77.0
1.802569135	76.0
1.802577541	77.0
1.804449697	76.0
1.807071054	76.0
1.809599407	75.0
1.812754611	76.0
1.816472883	77.0
1.820201154	76.0
1.820214623	77.0
1.823530482	76.0
1.824284398	75.0
1.824324022	76.0
1.82712387	75.0
1.827170514	76.0
1.827379402	75.0
1.827391968	76.0
1.827477945	76.0
1.83158059	75.0
1.832388391	75.0
1.834950898	74.0
1.835788521	73.0
1.836279632	72.0
1.838393618	71.0
1.838400062	72.0
1.844359952	73.0
1.844644835	72.0
1.844673652	73.0
1.844704761	72.0
1.845283747	73.0
1.845845136	72.0
1.845845388	73.0
1.846763609	74.0
1.848311591	73.0
1.85187227	73.0
1.851873347	72.0
1.857639134	71.0
1.857660376	72.0
1.860288074	72.0
1.866427721	71.0
1.871340269	70.0
1.873449568	70.0
1.874518169	70.0
1.87666025	71.0
1.883616084	70.0
1.88362522	71.0
1.884146017	71.0
1.884860898	70.0
1.884870794	71.0
1.886209307	70.0
1.8863263	71.0
1.887862124	70.0
1.887865145	71.0
1.888093828	70.0
1.888206246	71.0
1.888700147	70.0
1.888717959	71.0
1.893427761	70.0
1.89555488	71.0
1.898155181	70.0
1.898161791	71.0
1.898839928	70.0
1.901887342	70.0
1.90283828	70.0
1.903008542	71.0
1.903527699	70.0
1.90529935	69.0
1.905324902	70.0
1.907246485	71.0
1.907303846	70.0
1.907322484	71.0
1.914120572	72.0
1.91594857	71.0
1.918061922	72.0
1.921055888	71.0
1.921088963	72.0
1.924879599	73.0
1.926055473	72.0
1.926098905	73.0
1.927406737	72.0
1.927553073	73.0
1.928153571	72.0
1.928235688	73.0
1.9384385	72.0
1.939489023	73.0
1.939637463	72.0
1.939705766	73.0
1.943005643	72.0
1.943027836	73.0
1.946341252	74.0
1.947640391	75.0
1.949178532	76.0
1.949465152	77.0
1.95096853	76.0
1.950968875	77.0
1.955157462	78.0
1.962330548	77.0
1.962359226	78.0
1.969086803	78.0
1.973402535	77.0
1.973441058	78.0
1.976940908	77.0
1.976958895	78.0
1.977211122	77.0
1.977255439	78.0
1.978325514	78.0
1.979850707	77.0
1.979890486	78.0
1.980341608	77.0
1.980854128	76.0
1.980881679	77.0
1.981586304	76.0
1.981602071	77.0
1.983082218	76.0
1.984493135	75.0
1.984529505	76.0
1.985742363	75.0
1.985934712	76.0
1.986251226	76.0
1.986342266	76.0
1.986776334	75.0
1.98678615	76.0
1.987445256	76.0
1.988868541	76.0
1.992487117	75.0
1.994572249	75.0
1.994821706	74.0
1.995080214	75.0
1.996722672	74.0
1.998486242	73.0
2.003746035	73.0
2.00555491	74.0
2.005887633	73.0
2.005894487	74.0
2.007073486	73.0
2.010783839	74.0
2.011990571	75.0
2.014928263	74.0
2.014970237	75.0
2.016470211	74.0
2.016497055	75.0
2.022817005	74.0
2.022919049	73.0
2.024289552	74.0
2.025300617	73.0
2.028196307	72.0
2.028585671	73.0
2.033475425	72.0
2.034558604	71.0
2.034599338	72.0
2.036504169	73.0
2.041980225	74.0
2.04572937	73.0
2.05068261	74.0
2.056056929	75.0
2.060531291	74.0
2.060569892	73.0
2.060582636	74.0
2.060582974	75.0
2.069792825	74.0
2.06983483	75.0
2.070556125	74.0
2.071155093	73.0
2.07117923	74.0
2.073595851	75.0
2.07789217	76.0
2.081067989	77.0
2.082184879	78.0
2.083313899	77.0
2.083437134	78.0
2.084055667	77.0
2.084110412	78.0
2.084196014	79.0
2.085796055	78.0
2.085874102	79.0
2.087346094	78.0
2.090144948	77.0
2.090159241	78.0
2.09634115	78.0
2.101142223	79.0
2.102147002	78.0
2.102320374	79.0
2.108136121	78.0
2.108186747	79.0
2.110823442	80.0
2.111269655	79.0
2.11129612	80.0
2.112531016	79.0
2.112557698	80.0
2.115932291	79.0
2.11593566	80.0
2.119561604	79.0
2.119601054	80.0
2.122662305	79.0
2.122666451	80.0
2.123001869	81.0
2.126262037	80.0
2.126291353	81.0
2.128571878	81.0
2.130264325	80.0
2.130284154	81.0
2.130330846	80.0
2.13046718	81.0
2.131555548	81.0
2.135951176	80.0
2.13599028	81.0
2.138749184	82.0
2.139197045	82.0
2.141538767	81.0
2.14190143	82.0
2.1438114	81.0
2.143835537	82.0
2.14506134	81.0
2.145083603	82.0
2.145315417	82.0
2.160216013	81.0
2.163716321	82.0
2.165014545	81.0
2.165028799	82.0
2.166201689	81.0
2.170571997	81.0
2.172354345	82.0
2.172746575	81.0
2.172852395	82.0
2.173594787	82.0
2.173836984	81.0
2.17389594	82.0
2.174012672	81.0
2.174056725	82.0
2.175177599	81.0
2.180087341	80.0
2.180100176	81.0
2.186497969	80.0
2.186501672	79.0
2.186504089	80.0
2.186670066	81.0
2.186949821	81.0
2.188108519	81.0
2.189002183	81.0
2.190321398	80.0
2.190509954	81.0
2.190853131	80.0
2.194267474	79.0
2.194354096	80.0
2.202234449	80.0
2.202704134	79.0
2.202736978	80.0
2.210106515	79.0
2.210238013	80.0
2.211118512	81.0
2.214011067	81.0
2.217404624	80.0
2.218888515	80.0
2.221718857	80.0
2.221835857	79.0
2.221927182	80.0
2.225236821	80.0
2.226724117	79.0
2.226740217	80.0
2.229881286	79.0
2.232088792	78.0
2.23287259	77.0
2.232922842	78.0
2.235061648	78.0
2.235101354	78.0
2.236539337	77.0
2.236585317	78.0
2.244251344	79.0
2.244458719	79.0
2.245379544	79.0
2.249514655	78.0
2.249590291	79.0
2.249633908	79.0
2.252764095	80.0
2.253366547	80.0
2.25517101	79.0
2.255194982	80.0
2.256422609	80.0
2.257741871	80.0
2.258058682	79.0
2.258093947	80.0
2.258934879	80.0
2.259496909	80.0
2.260302743	79.0
2.260323831	80.0
2.26083586	80.0
2.263333851	79.0
2.263336851	80.0
2.26338354	80.0
2.271190244	79.0
2.271203813	80.0
2.278742057	80.0
2.285071387	79.0
2.285086571	80.0
2.286278063	79.0
2.291500329	78.0
2.291508752	79.0
2.294999825	79.0
2.296955977	78.0
2.296963116	79.0
2.297521331	78.0
2.297581853	79.0
2.30285477	78.0
2.302987175	79.0
2.309593842	78.0
2.309652887	79.0
2.309934851	80.0
2.310996517	79.0
2.311025317	80.0
2.311720761	80.0
2.311884122	81.0
2.317069594	82.0
2.318704128	81.0
2.318739165	82.0
2.31877433	81.0
2.320785851	80.0
2.320797741	81.0
2.32576904	80.0
2.328416063	79.0
2.328447763	80.0
2.331424379	79.0
2.331868745	78.0
2.334578646	78.0
2.341198813	77.0
2.34120992	78.0
2.34167783	79.0
2.34171646	79.0
2.348397213	78.0
2.348404137	79.0
2.349231907	78.0
2.349287513	79.0
2.350141675	78.0
2.350248113	79.0
2.350309414	78.0
2.350320249	79.0
2.355853452	78.0
2.355898579	79.0
2.357585187	78.0
2.357708296	79.0
2.3648381	80.0
2.37514906	79.0
2.379988404	78.0
2.379991534	79.0
2.380070206	78.0
2.38010508	79.0
2.380920278	78.0
2.380959472	79.0
2.381180894	78.0
2.381208693	79.0
2.381891089	80.0
2.38417572	81.0
2.384309655	80.0
2.384327788	81.0
2.385907729	80.0
2.385940873	81.0
2.391008376	80.0
2.391013377	81.0
2.392357089	80.0
2.392428583	81.0
2.393751752	82.0
2.395291531	81.0
2.395302809	82.0
2.404898273	81.0
2.405459175	82.0
2.407100824	82.0
2.408248052	82.0
2.411522896	81.0
2.418017443	82.0
2.418096853	81.0
2.418118154	82.0
2.425550064	81.0
2.431294179	80.0
2.431311826	81.0
2.432498592	80.0
2.432728311	79.0
2.435563876	80.0
2.455554179	79.0
2.455607811	80.0
2.455954545	79.0
2.455960129	80.0
2.456046322	79.0
2.456068425	78.0
2.456068686	79.0
2.456088976	80.0
2.456191677	81.0
2.46431114	80.0
2.464360543	81.0
2.465135609	80.0
2.467229544	79.0
2.467646783	78.0
2.467715674	79.0
2.468796867	79.0
2.469161871	79.0
2.474584385	79.0
2.475484326	78.0
2.475525336	79.0
2.476375665	79.0
2.476432739	78.0
2.476464177	79.0
2.477958821	78.0
2.478852297	78.0
2.479259699	77.0
2.479260735	78.0
2.480125648	77.0
2.482069584	77.0
2.484287469	78.0
2.493781358	77.0
2.494429772	76.0
2.494441145	77.0
2.494445896	76.0
2.494446507	77.0
2.501357234	76.0
2.501879225	76.0
2.502245302	75.0
2.502252366	76.0
2.502426771	75.0
2.502476148	76.0
2.510538947	76.0
2.512547831	75.0
2.512566424	76.0
2.513264816	77.0
2.516022349	78.0
2.525604143	77.0
2.525650075	78.0
2.527445914	78.0
2.527980507	78.0
2.528668002	79.0
2.54060171	80.0
2.545792982	79.0
2.545795284	80.0
2.557992187	79.0
2.558074905	80.0
2.559271284	79.0
2.559276852	80.0
2.566655807	79.0
2.566668035	80.0
2.570208807	79.0
2.570213307	80.0
2.570918794	79.0
2.570928772	80.0
2.571472875	79.0
2.571495038	80.0
2.578386215	81.0
2.580112785	81.0
2.585827804	80.0
2.585836879	81.0
2.586200438	80.0
2.586213452	81.0
2.587503354	82.0
2.589023362	81.0
2.589030786	82.0
2.593621896	81.0
2.593725018	82.0
2.595784909	81.0
2.595788582	82.0
2.59594437	81.0
2.595953762	82.0
2.596124263	81.0
2.596133336	82.0
2.608762118	82.0
2.617607198	81.0
2.617687319	82.0
2.618787616	81.0
2.61930131	80.0
2.619356669	81.0
2.624137135	80.0
2.62428955	81.0
2.631217476	80.0
2.631253467	81.0
2.631546337	80.0
2.631701058	79.0
2.631742583	80.0
2.633161384	81.0
2.634291645	80.0
2.634367836	81.0
2.634555856	81.0
2.63992174	80.0
2.639938179	81.0
2.640787002	81.0
2.641395678	80.0
2.64141696	81.0
2.642068403	80.0
2.642146254	81.0
2.642336542	81.0
2.642625916	81.0
2.643313378	81.0
2.644937684	80.0
2.645192402	80.0
2.645766749	79.0
2.645775818	80.0
2.647540051	80.0
2.650013058	79.0
2.650044801	80.0
2.650380526	79.0
2.650402324	80.0
2.654906158	79.0
2.654922436	80.0
2.661123625	80.0
2.661819811	79.0
2.661870203	80.0
2.663873367	81.0
2.665026996	80.0
2.667827833	79.0
2.667972278	80.0
2.669580994	79.0
2.669600768	80.0
2.672534155	80.0
2.677540952	81.0
2.685903808	80.0
2.685930423	81.0
2.687686811	81.0
2.688347278	80.0
2.688387411	81.0
2.689045871	80.0
2.689138619	81.0
2.692794784	80.0
2.692795692	81.0
2.695357316	80.0
2.695402268	81.0
2.695944022	80.0
2.695995185	81.0
2.701786132	80.0
2.701796708	79.0
2.702005603	78.0
2.717361156	77.0
2.717376765	78.0
2.720426347	78.0
2.72109392	78.0
2.722018332	77.0
2.722035573	78.0
2.725318507	77.0
2.727379499	76.0
2.727427857	77.0
2.733210416	76.0
2.733879568	76.0
2.73452243	76.0
2.736509872	75.0
2.737596383	76.0
2.7385428	77.0
2.746529768	78.0
2.74827351	79.0
2.752129676	78.0
2.752148525	79.0
2.763557382	78.0
2.763565808	79.0
2.763675984	79.0
2.765338504	80.0
2.77347872	79.0
2.773520625	80.0
2.775055671	80.0
2.776951984	80.0
2.777505738	79.0
2.777578289	80.0
2.779901521	79.0
2.78009758	79.0
2.783670535	78.0
2.783672431	79.0
2.784937074	78.0
2.784945479	79.0
2.790281953	78.0
2.790861073	79.0
2.792601829	78.0
2.792678105	77.0
2.79268941	78.0
2.792797991	79.0
2.794264004	78.0
2.794638892	79.0
2.794935891	78.0
2.7949658	79.0
2.796193826	78.0
2.79620349	79.0
2.7968191	78.0
2.796834734	79.0
2.797681161	78.0
2.797745619	79.0
2.80299755	80.0
2.807547729	79.0
2.80755843	80.0
2.807654746	79.0
2.807693239	80.0
2.808361168	79.0
2.808424993	80.0
2.810295822	80.0
2.810479547	79.0
2.812116879	80.0
2.812993849	79.0
2.813027932	80.0
2.814518953	81.0
2.815028059	81.0
2.815978674	82.0
2.81931102	81.0
2.819705529	81.0
2.820558412	81.0
2.822745954	80.0
2.822746546	81.0
2.824743828	80.0
2.825722928	79.0
2.825727202	80.0
2.826912772	80.0
2.827047109	80.0
2.829462809	81.0
2.830571389	80.0
2.830633233	81.0
2.83405882	80.0
2.834072626	81.0
2.835637283	80.0
2.835684984	81.0
2.836039676	81.0
2.841052423	81.0
2.841621923	81.0
2.842399445	81.0
2.842611187	80.0
2.842690455	81.0
2.844669523	80.0
2.848690489	79.0
2.848729956	80.0
2.858235566	81.0
2.861067973	80.0
2.862848957	81.0
2.864526412	81.0
2.876792548	80.0
2.876854567	81.0
2.879026125	80.0
2.879280308	81.0
2.884825224	80.0
2.884836095	81.0
2.890271353	81.0
2.891079097	80.0
2.891224214	80.0
2.893448452	79.0
2.895482617	78.0
2.895484547	79.0
2.897575953	80.0
2.900081775	80.0
2.900265413	79.0
2.900311582	80.0
2.900662121	81.0
2.900780875	82.0
2.90313634	81.0
2.903138714	82.0
2.905084204	83.0
2.90831766	82.0
2.908319317	83.0
2.910681293	82.0
2.910705118	83.0
2.911411151	84.0
2.914431076	84.0
2.916226233	83.0
2.91804012	82.0
2.918043442	83.0
2.918734366	82.0
2.920847868	83.0
2.922013128	82.0
2.922049259	83.0
2.928618704	82.0
2.932494443	82.0
2.940294179	81.0
2.940384052	82.0
2.945301803	81.0
2.945341937	82.0
2.945564884	83.0
2.946975214	82.0
2.946988198	83.0
2.948696891	82.0
2.949851526	81.0
2.94993695	82.0
2.95334256	81.0
2.953346798	82.0
2.957385297	83.0
2.962713383	82.0
2.964171549	83.0
2.969937101	82.0
2.969948163	83.0
2.970086798	82.0
2.971657458	83.0
2.97259705	82.0
2.972604881	83.0
2.980314162	82.0
2.980351861	83.0
2.982075565	82.0
2.982082985	83.0
2.98320928	82.0
2.983258604	83.0
2.984059506	84.0
2.987320272	83.0
2.987329413	84.0
2.989421017	83.0
2.989487978	84.0
2.990198412	83.0
2.996127875	82.0
2.996222994	83.0
2.997875167	82.0
2.997876102	83.0
3.000354022	82.0
3.000382554	83.0
3.000456865	82.0
3.000533387	83.0
3.000816724	82.0
3.000821096	83.0
3.000872003	83.0
3.001408218	83.0
3.002408329	83.0
3.004033761	82.0
3.004123938	81.0
3.006847283	82.0
3.010555628	83.0
3.012495235	82.0
3.012496708	83.0
3.016022147	82.0
3.016039547	83.0
3.01895382	82.0
3.018958414	83.0
3.019112834	82.0
3.020422963	82.0
3.023080489	81.0
3.02328028	82.0
3.026581312	81.0
3.027516943	80.0
3.030014567	80.0
3.030710702	80.0
3.031238255	79.0
3.031398845	80.0
3.032119619	80.0
3.03320166	80.0
3.041010857	79.0
3.041040255	80.0
3.041633273	79.0
3.046426171	78.0
3.046662314	77.0
3.049124746	78.0
3.053891971	77.0
3.05392051	78.0
3.061531392	77.0
3.061610505	78.0
3.068305332	79.0
3.070796942	78.0
3.070859542	79.0
3.07119106	80.0
3.078270776	79.0
3.079428149	80.0
3.082704707	79.0
3.090340391	78.0
3.092115024	77.0
3.092648895	78.0
3.095137425	77.0
3.097676292	76.0
3.101786125	76.0
3.103943595	75.0
3.104058678	76.0
3.105520947	77.0
3.105757739	76.0
3.105841055	75.0
3.107762327	74.0
3.107767778	75.0
3.107768592	74.0
3.10960504	75.0
3.111296468	76.0
3.111993822	75.0
3.112104375	76.0
3.11888808	75.0
3.118972044	76.0
3.121606324	76.0
3.121663969	75.0
3.121679297	76.0
3.122319572	75.0
3.123682308	74.0
3.124639741	75.0
3.137449173	74.0
3.13745188	75.0
3.138148757	74.0
3.138166229	75.0
3.139047633	75.0
3.142778493	74.0
3.142825597	75.0
3.150102361	74.0
3.150199666	75.0
3.153447688	75.0
3.155314361	74.0
3.156371314	74.0
3.157510095	73.0
3.161079936	72.0
3.16111421	73.0
3.166022719	72.0
3.166030689	73.0
3.167066688	73.0
3.16758158	72.0
3.169396724	73.0
3.171358398	72.0
3.171431146	73.0
3.172939019	72.0
3.175422235	71.0
3.18081569	70.0
3.180875508	71.0
3.183023991	70.0
3.183037589	71.0
3.191432646	70.0
3.191479061	71.0
3.192588	72.0
3.195213662	71.0
3.195238367	70.0
3.195274722	71.0
3.200518936	72.0
3.203638977	72.0
3.208185142	73.0
3.210472491	73.0
3.212274326	74.0
3.213213001	75.0
3.213377751	74.0
3.213405426	75.0
3.215995656	76.0
3.223154362	75.0
3.223170829	76.0
3.226454537	76.0
3.232291105	75.0
3.232349338	76.0
3.234520212	75.0
3.234553306	76.0
3.235448934	77.0
3.236288275	77.0
3.236375296	76.0
3.236698209	77.0
3.241132092	77.0
3.244495016	76.0
3.24451932	77.0
3.244565167	78.0
3.245064068	78.0
3.247104349	78.0
3.248913716	79.0
3.249442339	79.0
3.251538401	78.0
3.251566433	79.0
3.255984474	78.0
3.256032458	79.0
3.257632643	78.0
3.257651248	79.0
3.26203812	80.0
3.264058072	79.0
3.264841665	78.0
3.269168775	77.0
3.273479731	78.0
3.27775729	79.0
3.279486431	78.0
3.279488399	79.0
3.279857222	80.0
3.281189355	79.0
3.28119379	80.0
3.281771563	79.0
3.285390102	78.0
3.285435027	79.0
3.286978106	79.0
3.288792941	78.0
3.295198193	77.0
3.295209645	78.0
3.298862136	77.0
3.303761012	76.0
3.303772183	77.0
3.305331583	78.0
3.306586794	79.0
3.312809329	78.0
3.312853111	79.0
3.312885575	79.0
3.318311222	78.0
3.318419615	79.0
3.322687319	79.0
3.328106217	79.0
3.331831278	79.0
3.334402748	79.0
3.335329821	79.0
3.335581302	78.0
3.335638962	79.0
3.336481783	79.0
3.337025736	79.0
3.340776446	78.0
3.340815047	79.0
3.341255706	80.0
3.342680199	79.0
3.343379471	78.0
3.345018036	78.0
3.345692654	77.0
3.34571074	78.0
3.346670957	78.0
3.347273767	79.0
3.352901338	80.0
3.35476894	81.0
3.359323614	80.0
3.359331322	81.0
3.361575421	81.0
3.364213293	80.0
3.364250829	81.0
3.366730433	80.0
3.366736239	81.0
3.370441792	80.0
3.371169961	79.0
3.371201631	80.0
3.373677096	81.0
3.378154961	82.0
3.379976459	81.0
3.379983047	82.0
3.381850621	83.0
3.382864361	82.0
3.382876624	83.0
3.384548752	82.0
3.384566342	83.0
3.384892145	82.0
3.384893853	83.0
3.392438267	82.0
3.392534374	83.0
3.397421563	82.0
3.398704879	81.0
3.39920272	80.0
3.399211743	81.0
3.399268276	80.0
3.399319839	81.0
3.402153119	80.0
3.407901091	79.0
3.408725716	79.0
3.409531489	78.0
3.409541931	79.0
3.409558227	78.0
3.409605596	79.0
3.41019	78.0
3.410285235	79.0
3.412519451	78.0
3.414550545	78.0
3.418632671	77.0
3.418634759	78.0
3.420523584	77.0
3.421765724	76.0
3.421814206	77.0
3.422091709	77.0
3.423337866	76.0
3.424151001	75.0
3.424182845	76.0
3.424467557	77.0
3.42468386	78.0
3.428968859	77.0
3.428969087	78.0
3.429563844	78.0
3.430700916	78.0
3.435324207	77.0
3.435346658	78.0
3.43652386	79.0
3.438181107	79.0
3.450383149	78.0
3.450485258	79.0
3.453684309	79.0
3.45430765	80.0
3.456048923	81.0
3.457828997	80.0
3.457836252	81.0
3.457992419	82.0
3.458482649	82.0
3.462216325	81.0
3.462273678	82.0
3.464046894	82.0
3.468626703	82.0
3.46930406	82.0
3.470075665	81.0
3.474332419	80.0
3.474336485	81.0
3.477744069	82.0
3.480004211	83.0
3.482368427	82.0
3.482446294	83.0
3.484509803	82.0
3.484515566	83.0
3.491971647	84.0
3.492341434	83.0
3.492362374	84.0
3.497921173	84.0
3.501941487	83.0
3.501954742	84.0
3.507525311	84.0
3.510316507	84.0
3.513621827	83.0
3.5136716	84.0
3.513791461	83.0
3.516456738	84.0
3.521768011	83.0
3.523344904	82.0
3.524035425	81.0
3.524095774	82.0
3.524381881	81.0
3.524382542	82.0
3.532061762	81.0
3.532122167	82.0
3.534804939	81.0
3.534819412	82.0
3.537379763	83.0
3.540508218	82.0
3.540570992	83.0
3.542260939	82.0
3.544403803	83.0
3.549463699	82.0
3.551168344	83.0
3.552206258	83.0
3.552995415	83.0
3.557684806	82.0
3.564111807	81.0
3.564155459	82.0
3.564681148	81.0
3.567046877	80.0
3.567063179	81.0
3.572335441	80.0
3.572358427	81.0
3.573482774	82.0
3.574351484	83.0
3.576453966	82.0
3.579863366	81.0
3.579911429	82.0
3.581559874	81.0
3.581570715	82.0
3.587633791	83.0
3.590667788	82.0
3.590677633	83.0
3.59196589	82.0
3.591995948	83.0
3.592754683	82.0
3.596673174	81.0
3.59671478	82.0
3.598525704	81.0
3.598548434	82.0
3.598683134	83.0
3.599844171	82.0
3.599901192	83.0
3.601124024	82.0
3.601143902	83.0
3.603519781	84.0
3.61198982	85.0
3.616851106	84.0
3.616944905	85.0
3.624108483	84.0
3.624489534	83.0
3.624580298	84.0
3.628208622	83.0
3.628210867	84.0
3.638051823	83.0
3.638061	84.0
3.639716034	85.0
3.646129131	85.0
3.646573477	84.0
3.646657463	85.0
3.647973387	84.0
3.647977793	85.0
3.653975935	85.0
3.657359757	84.0
3.657370752	85.0
3.658626304	84.0
3.65866789	85.0
3.659123669	84.0
3.659124804	85.0
3.664435771	84.0
3.664520062	83.0
3.664544775	84.0
3.672889167	84.0
3.677488628	84.0
3.681199231	84.0
3.684542793	83.0
3.684919611	82.0
3.684921718	83.0
3.68663146	82.0
3.686696342	83.0
3.68680562	83.0
3.693357735	82.0
3.693394424	83.0
3.69500106	82.0
3.695023289	83.0
3.695520474	82.0
3.695555815	83.0
3.699387989	82.0
3.699393738	83.0
3.704568924	82.0
3.708395974	83.0
3.709364956	84.0
3.709531309	83.0
3.709532437	84.0
3.709994475	84.0
3.710528896	83.0
3.710535119	84.0
3.712049144	83.0
3.71208705	84.0
3.719178804	84.0
3.72684303	83.0
3.726896879	84.0
3.727931847	85.0
3.734029108	84.0
3.734071551	85.0
3.735656547	84.0
3.735689236	85.0
3.737243193	84.0
3.740951642	83.0
3.741014698	84.0
3.741417754	83.0
3.741460447	84.0
3.741498231	83.0
3.741525519	84.0
3.742419249	83.0
3.742425292	84.0
3.74296656	83.0
3.745631217	84.0
3.746292319	83.0
3.746303224	84.0
3.749769313	83.0
3.749852002	84.0
3.752228965	83.0
3.752272255	84.0
3.75978417	83.0
3.759852665	84.0
3.76224276	83.0
3.762256344	84.0
3.766465583	83.0
3.771009223	84.0
3.776700431	83.0
3.776736647	84.0
3.778257246	83.0
3.778275694	84.0
3.77883782	83.0
3.778880384	84.0
3.782205131	84.0
3.784115313	85.0
3.786364992	86.0
3.790045626	85.0
3.792014335	85.0
3.79353355	84.0
3.793539687	85.0
3.79380905	86.0
3.794373084	85.0
3.796921473	84.0
3.79698689	85.0
3.799842296	84.0
3.799916453	85.0
3.800381364	84.0
3.802692856	83.0
3.802720765	84.0
3.803430215	83.0
3.803434141	84.0
3.803753952	84.0
3.804471152	83.0
3.804507406	84.0
3.804641724	83.0
3.804693386	84.0
3.804779581	83.0
3.804834876	84.0
3.808728439	83.0
3.808767243	84.0
3.816774021	83.0
3.816826653	84.0
3.818364078	83.0
3.824158989	83.0
3.826234926	82.0
3.826235843	83.0
3.827565978	83.0
3.82804058	83.0
3.832289179	84.0
3.836273708	83.0
3.836295927	84.0
3.838346889	83.0
3.838418344	84.0
3.841368045	83.0
3.841474085	84.0
3.841628353	83.0
3.844644818	82.0
3.844647653	83.0
3.847853926	82.0
3.847884598	83.0
3.849613372	82.0
3.849684866	83.0
3.855945961	84.0
3.858793915	84.0
3.862226339	83.0
3.867680017	82.0
3.87418109	82.0
3.877143723	83.0
3.882752332	82.0
3.882785852	83.0
3.890604748	82.0
3.890608144	83.0
3.890886885	82.0
3.890914662	83.0
3.898146541	82.0
3.898164151	83.0
3.900677083	82.0
3.900706227	83.0
3.908535098	82.0
3.911825207	81.0
3.911904328	82.0
3.918749468	81.0
3.921003699	80.0
3.921014879	81.0
3.921580995	80.0
3.921584877	81.0
3.921965336	80.0
3.922029064	81.0
3.925459128	80.0
3.925460669	79.0
3.934748314	78.0
3.934949458	79.0
3.935048315	78.0
3.935054302	79.0
3.935836429	78.0
3.935939241	79.0
3.937363375	78.0
3.937901758	77.0
3.93795477	78.0
3.946907646	77.0
3.946938713	78.0
3.953854727	77.0
3.954464472	76.0
3.954543817	77.0
3.958411142	77.0
3.95878047	77.0
3.965157513	76.0
3.965188675	77.0
3.965353837	76.0
3.968852666	75.0
3.96886535	76.0
3.969114137	77.0
3.969264836	76.0
3.972727956	75.0
3.975577132	76.0
3.979325793	77.0
3.985049534	77.0
3.986823341	77.0
3.987150707	77.0
3.990741543	76.0
3.990804711	77.0
3.991250829	76.0
3.99128338	77.0
3.999882855	76.0
3.99992833	77.0
4.001556866	76.0
4.002121339	77.0
4.006616391	78.0
4.013452778	79.0
4.017473188	79.0
4.018816758	79.0
4.019365839	80.0
4.01946438	79.0
4.019512529	80.0
4.02351566	81.0
4.027627194	80.0
4.028070053	79.0
4.028144108	80.0
4.028332085	79.0
4.028340674	80.0
4.031956132	80.0
4.031998053	79.0
4.032010229	80.0
4.032899715	79.0
4.032958716	80.0
4.034464652	79.0
4.034601743	80.0
4.036167731	79.0
4.036173272	80.0
4.036479027	79.0
4.036599317	80.0
4.036758571	79.0
4.036759964	80.0
4.05102179	79.0
4.051161685	78.0
4.051175144	79.0
4.051221772	80.0
4.058937883	79.0
4.059018063	80.0
4.067219645	81.0
4.070072406	80.0
4.071487523	81.0
4.072293771	82.0
4.079545731	81.0
4.07955227	82.0
4.082624145	81.0
4.082716464	82.0
4.084199696	83.0
4.085771721	82.0
4.090490664	81.0
4.090498528	82.0
4.09764507	81.0
4.097654069	82.0
4.09972092	81.0
4.099812929	80.0
4.112593349	79.0
4.112620286	80.0
4.114277405	79.0
4.114281312	80.0
4.115393428	79.0
4.115417275	80.0
4.118723873	79.0
4.118728122	80.0
4.120608206	79.0
4.120613615	80.0
4.121867814	79.0
4.121895188	80.0
4.12383554	81.0
4.127545351	80.0
4.127637273	81.0
4.127746316	80.0
4.127808117	81.0
4.130128489	80.0
4.130258234	81.0
4.130406283	80.0
4.130413567	81.0
4.131406518	82.0
4.132189344	81.0
4.132292984	82.0
4.135076331	82.0
4.135323655	82.0
4.136477323	81.0
4.136986219	80.0
4.137063506	81.0
4.13740583	80.0
4.137418219	81.0
4.13760576	80.0
4.138647009	79.0
4.13879527	80.0
4.141092548	79.0
4.141183468	80.0
4.141906856	79.0
4.141909426	80.0
4.144293936	79.0
4.144308881	78.0
4.144332143	79.0
4.144343571	80.0
4.146567157	81.0
4.147765599	82.0
4.14821205	81.0
4.148223002	82.0
4.150148445	81.0
4.150201071	82.0
4.15479619	81.0
4.154868643	82.0
4.155011943	81.0
4.155678665	80.0
4.155704128	81.0
4.155759996	80.0
4.15576594	81.0
4.156505877	81.0
4.160446453	80.0
4.160525702	81.0
4.161536927	80.0
4.161664691	81.0
4.16464615	82.0
4.165756575	83.0
4.169114687	83.0
4.170339686	82.0
4.170356746	83.0
4.174487798	82.0
4.174518674	83.0
4.177083709	83.0
4.177230157	83.0
4.179651584	82.0
4.179704079	83.0
4.179773315	84.0
4.181341096	83.0
4.181341313	84.0
4.183199495	83.0
4.183201294	84.0
4.183268566	84.0
4.187938933	84.0
4.189874293	85.0
4.19054598	85.0
4.193671289	85.0
4.19367761	85.0
4.196723454	85.0
4.207128071	84.0
4.207131346	85.0
4.209615905	85.0
4.211471226	84.0
4.213131709	84.0
4.214290909	84.0
4.215066933	84.0
4.218207463	83.0
4.218421938	83.0
4.218877469	84.0
4.225224335	83.0
4.226495765	83.0
4.231359735	84.0
4.231477888	85.0
4.235210523	84.0
4.237305609	83.0
4.242170357	82.0
4.242236848	83.0
4.243006327	82.0
4.24309398	82.0
4.243197842	83.0
4.248851302	83.0
4.25358706	82.0
4.258453186	81.0
4.258602899	80.0
4.259601137	80.0
4.25965895	79.0
4.259666409	80.0
4.274050499	81.0
4.274666077	80.0
4.274672668	81.0
4.280514993	80.0
4.28053216	81.0
4.283140577	82.0
4.28457644	82.0
4.286642028	81.0
4.286659389	82.0
4.289358742	82.0
4.290630755	82.0
4.293244229	83.0
4.293922315	82.0
4.293948869	83.0
4.296840406	82.0
4.296863562	83.0
4.297217974	82.0
4.297227268	83.0
4.298782885	82.0
4.302968366	81.0
4.302976348	82.0
4.308712434	81.0
4.308737303	82.0
4.309896635	83.0
4.31612487	83.0
4.323347321	82.0
4.323360312	83.0
4.323554702	82.0
4.323601191	83.0
4.323847867	82.0
4.323890309	83.0
4.329565356	82.0
4.329605897	83.0
4.330982782	84.0
4.331134655	83.0
4.331187262	84.0
4.331659579	85.0
4.331900088	84.0
4.331942636	85.0
4.336806976	84.0
4.336839092	85.0
4.337877263	84.0
4.339690161	83.0
4.339695219	84.0
4.340669137	84.0
4.345464627	83.0
4.346582967	84.0
4.351132713	83.0
4.351147604	84.0
4.355547636	83.0
4.355616206	84.0
4.357907506	83.0
4.362508331	84.0
4.362657011	83.0
4.36410263	82.0
4.364145886	83.0
4.364964175	83.0
4.367167957	84.0
4.368734755	83.0
4.372303562	82.0
4.373824924	81.0
4.374444427	80.0
4.376983765	80.0
4.38508643	81.0
4.391744107	81.0
4.397295462	80.0
4.397299958	81.0
4.397346449	81.0
4.400144888	81.0
4.400193125	81.0
4.401564697	81.0
4.405491263	80.0
4.408428906	79.0
4.410138899	79.0
4.410937686	80.0
4.414808863	79.0
4.414908647	80.0
4.421200754	81.0
4.422531621	82.0
4.424572082	81.0
4.424624853	82.0
4.426633318	83.0
4.426870639	83.0
4.433732751	82.0
4.433766633	83.0
4.434682682	83.0
4.444306674	82.0
4.444350636	83.0
4.453963978	82.0
4.453977513	83.0
4.454463991	82.0
4.454514568	83.0
4.455185242	82.0
4.462926212	81.0
4.462991598	82.0
4.464187303	81.0
4.464204822	82.0
4.46904001	83.0
4.471779501	82.0
4.473417	81.0
4.475106961	82.0
4.478306225	81.0
4.478337782	82.0
4.478558284	81.0
4.478630049	82.0
4.488097286	81.0
4.488103751	82.0
4.497595486	81.0
4.497629315	82.0
4.501715072	81.0
4.501772213	82.0
4.50251445	83.0
4.502643759	82.0
4.502688952	83.0
4.509720576	82.0
4.511112522	83.0
4.512312684	82.0
4.51357935	83.0
4.521307315	82.0
4.523990222	81.0
4.524032315	82.0
4.5245702	81.0
4.52460336	82.0
4.532702797	81.0
4.532766541	82.0
4.537627439	81.0
4.53769392	82.0
4.537978101	83.0
4.538037188	83.0
4.54063384	82.0
4.540669657	83.0
4.54259782	82.0
4.542635351	83.0
4.543958537	82.0
4.544003837	83.0
4.546480238	82.0
4.550788137	81.0
4.557750611	81.0
4.558112093	82.0
4.558374139	82.0
4.558669122	82.0
4.559063453	81.0
4.561683916	81.0
4.563234487	80.0
4.563319406	81.0
4.565420109	80.0
4.568586822	79.0
4.568589855	80.0
4.571376908	81.0
4.576483614	81.0
4.576751515	80.0
4.576786093	81.0
4.585345397	82.0
4.586880686	83.0
4.588328986	82.0
4.58963207	81.0
4.589640109	82.0
4.592114567	83.0
4.594601672	82.0
4.594602609	83.0
4.597359465	82.0
4.59925618	82.0
4.605454952	82.0
4.605879811	81.0
4.605909798	82.0
4.606144771	83.0
4.607047763	83.0
4.611510653	83.0
4.612001071	82.0
4.612100223	81.0
4.612101374	82.0
4.614029958	81.0
4.614975212	81.0
4.616215857	80.0
4.616274417	81.0
4.619922067	82.0
4.620412053	81.0
4.620423132	82.0
4.623379602	81.0
4.623380494	82.0
4.624512571	81.0
4.624538935	82.0
4.62776808	81.0
4.628856626	80.0
4.629002047	79.0
4.629084902	80.0
4.63007276	80.0
4.633183847	79.0
4.633219062	80.0
4.641247592	81.0
4.642890263	80.0
4.6428968	81.0
4.644085016	80.0
4.644158838	81.0
4.64912169	80.0
4.649122377	81.0
4.650782725	82.0
4.652882361	81.0
4.652933442	82.0
4.656768697	83.0
4.65942447	82.0
4.659476388	83.0
4.662885445	82.0
4.662887572	83.0
4.664601496	82.0
4.664704826	83.0
4.666139912	82.0
4.66786016	83.0
4.672912831	82.0
4.672919189	83.0
4.673092758	83.0
4.679304578	83.0
4.680749808	82.0
4.681883342	81.0
4.683389735	81.0
4.686107685	80.0
4.68611042	81.0
4.691871521	80.0
4.691888697	81.0
4.693560066	80.0
4.693571531	81.0
4.694316551	82.0
4.694421186	83.0
4.697096113	82.0
4.697187737	83.0
4.699296938	82.0
4.702685433	81.0
4.702750622	82.0
4.703548217	83.0
4.706496117	82.0
4.70654893	83.0
4.706730884	82.0
4.706733281	83.0
4.708213631	83.0
4.712135053	82.0
4.716128146	81.0
4.716155669	82.0
4.717431247	81.0
4.717493358	82.0
4.720547379	83.0
4.722487331	83.0
4.725998985	82.0
4.726079615	83.0
4.731265552	82.0
4.731300174	83.0
4.731951703	82.0
4.732816668	83.0
4.73360862	84.0
4.735827151	83.0
4.736045543	84.0
4.737398297	84.0
4.737520242	84.0
4.739624551	83.0
4.744442566	82.0
4.744456797	83.0
4.746622146	83.0
4.755587252	82.0
4.755594995	83.0
4.756286522	84.0
4.756591444	83.0
4.756706162	84.0
4.759140239	83.0
4.75916409	84.0
4.763369797	83.0
4.76342083	84.0
4.775015901	83.0
4.775130016	84.0
4.775535599	84.0
4.777989416	83.0
4.778698368	82.0
4.778915189	82.0
4.781536604	81.0
4.781537365	82.0
4.784668646	81.0
4.784716972	82.0
4.785796705	83.0
4.787865474	82.0
4.787878903	83.0
4.790117844	82.0
4.792380918	81.0
4.793794319	80.0
4.793801191	81.0
4.796650035	82.0
4.798089785	81.0
4.798107845	82.0
4.79954395	82.0
4.799831141	83.0
4.801568686	82.0
4.801647787	81.0
4.801808699	82.0
4.802791751	81.0
4.802807365	82.0
4.804351736	81.0
4.804423687	82.0
4.804944412	81.0
4.804981849	80.0
4.804982813	79.0
4.805019165	80.0
4.81167202	79.0
4.813090032	78.0
4.813098534	79.0
4.817242087	79.0
4.82116328	78.0
4.82122599	79.0
4.822590615	78.0
4.822738647	79.0
4.822995391	79.0
4.824168786	78.0
4.82422037	79.0
4.82590179	78.0
4.825921408	79.0
4.829889568	78.0
4.830473778	77.0
4.830706183	76.0
4.838977292	75.0
4.839000596	76.0
4.842450001	77.0
4.842467034	78.0
4.843619082	77.0
4.84361924	78.0
4.844078246	77.0
4.844308059	76.0
4.84577001	77.0
4.846930562	77.0
4.847335906	76.0
4.847403373	77.0
4.849981072	77.0
4.850291163	76.0
4.850339011	76.0
4.85078451	75.0
4.85079137	76.0
4.85152622	76.0
4.852931579	76.0
4.854893594	76.0
4.858256373	77.0
4.858480762	77.0
4.859929678	76.0
4.859981445	77.0
4.860252068	78.0
4.86092857	78.0
4.863877729	77.0
4.86787802	76.0
4.872987697	75.0
4.873024886	76.0
4.873757222	75.0
4.873761943	76.0
4.873959974	76.0
4.875064094	75.0
4.875112573	76.0
4.875873444	75.0
4.876338116	75.0
4.87640205	74.0
4.876584194	73.0
4.876595637	74.0
4.876631941	75.0
4.880396984	74.0
4.880409414	75.0
4.882348737	74.0
4.882406903	75.0
4.883285569	75.0
4.88441148	74.0
4.884468642	75.0
4.886093363	74.0
4.890670665	74.0
4.891794714	73.0
4.893660239	72.0
4.896006784	72.0
4.903518367	73.0
4.90354593	72.0
4.905634604	71.0
4.908503829	70.0
4.908506877	71.0
4.909454909	71.0
4.910695883	70.0
4.910715276	71.0
4.913246221	72.0
4.91445452	72.0
4.916684301	73.0
4.920778656	73.0
4.921584147	73.0
4.922435568	72.0
4.922479074	73.0
4.931332991	72.0
4.932214822	71.0
4.932235299	72.0
4.933272054	71.0
4.933358933	72.0
4.936444393	71.0
4.939664571	70.0
4.939666213	71.0
4.940101238	70.0
4.940131046	71.0
4.942238442	72.0
4.944053007	73.0
4.945056482	73.0
4.947118581	74.0
4.949775627	74.0
4.949960313	74.0
4.950045663	73.0
4.950060785	74.0
4.950803058	75.0
4.951804655	74.0
4.951961802	75.0
4.954762392	75.0
4.955948975	74.0
4.955967447	75.0
4.959048885	75.0
4.960737656	74.0
4.961328089	74.0
4.962737293	73.0
4.965396759	72.0
4.973252309	71.0
4.981129095	70.0
4.981132105	71.0
4.984872156	70.0
4.986581052	71.0
4.993059732	72.0
4.993972665	73.0
4.993978831	72.0
4.994029179	73.0
4.999392721	74.0