t(s)	A(µM)	AB(µM)	ABC(1/µm^2)	AC(1/µm^2)	(Var=B) B(µM)	BAC(1/µm^2)	BC(1/µm^2)	C(1/µm^2)	CABC(1/µm^2)
0.0	1.0	0.0	0.0	0.0	1.0	0.0	0.0	16999.0	0.0
5.714502540501995E-14	0.999999999999352	2.857251270243444E-15	2.2759571968048873E-22	1.9428165737178323E-9	0.999999999999352	2.2759571968048873E-22	1.9428165737178323E-9	16998.999999996115	7.434593558443402E-31
5.715073990756045E-10	0.9999999935185349	2.8575369198316783E-11	2.2761480490283298E-14	1.943010835012603E-5	0.9999999935185349	2.2761480490283298E-14	1.943010835012603E-5	16998.999961139783	7.435227386460212E-19
6.2860099395775994E-9	0.9999999287103685	3.1430043830959323E-10	1.7674931402206703E-12	2.1371175011057646E-4	0.9999999287103685	1.7674931402206703E-12	2.1371175011057646E-4	16998.999572576497	3.907211945875364E-16
3.326265566443014E-8	0.9999996227683362	1.6631313970654885E-9	4.174325640576235E-11	0.0011308633936192786	0.9999996227683362	4.174325640576235E-11	0.0011308633936192786	16998.99773827313	4.323656876748936E-14
9.88936783765195E-8	0.9999988784476602	4.9446723163479166E-9	3.491219497956109E-10	0.0033621841497984356	0.9999988784476602	3.491219497956109E-10	0.0033621841497984356	16998.993275631	9.354204745403391E-13
2.273552569945551E-7	0.9999974215683947	1.1367702538300458E-8	1.8121734658327399E-9	0.007729607769163367	0.9999974215683947	1.8121734658327399E-9	0.007729607769163367	16998.984540780817	1.0224399979060551E-11
4.602254965728607E-7	0.9999947806001981	2.3011029070085626E-8	7.365622909480951E-9	0.015646680182263065	0.9999947806001981	7.365622909480951E-9	0.015646680182263065	16998.968706624742	7.994218561166982E-11
8.707590628864379E-7	0.9999901247838046	4.353707515150507E-8	2.6198742220387556E-8	0.029603829928504702	0.9999901247838046	2.6198742220387556E-8	0.029603829928504702	16998.9407922867	5.225762082674031E-10
1.5634576950456503E-6	0.9999822690264877	7.817005635599657E-8	8.378430229212994E-8	0.053153672191983	0.9999822690264877	8.378430229212994E-8	0.053153672191983	16998.893692482154	2.9413040593673244E-9
2.2561563272048627E-6	0.9999744133474211	1.1280192788965997E-7	1.7333128023998806E-7	0.07670321523585653	0.9999744133474211	1.7333128023998806E-7	0.07670321523585653	16998.84659320609	8.38077447876243E-9
2.948854959364075E-6	0.9999665577466119	1.474326896835746E-7	2.942477060365354E-7	0.10025245900360108	0.9999665577466119	2.942477060365354E-7	0.10025245900360108	16998.799494457347	1.8060492756719213E-8
4.360368567007654E-6	0.9999505506128513	2.1799643869396498E-7	6.35001619575813E-7	0.14823788118265274	0.9999505506128513	6.35001619575813E-7	0.14823788118265274	16998.70352285458	5.650177169351998E-8
5.771882174651232E-6	0.9999345438040368	2.885555801418249E-7	1.0987566248691424E-6	0.1962220603086464	0.9999345438040368	1.0987566248691424E-6	0.1962220603086464	16998.60755342686	1.2743199295482056E-7
7.18339578229481E-6	0.9999185373201618	3.5911011437206926E-7	1.6807803449174022E-6	0.24420499615038618	0.9999185373201618	1.6807803449174022E-6	0.24420499615038618	16998.51158616477	2.405655114506212E-7
8.594909389938388E-6	0.9999025311612183	4.2966004176102563E-7	2.376298391789297E-6	0.29218668847102797	0.9999025311612183	2.376298391789297E-6	0.29218668847102797	16998.415621058757	4.0571120037253076E-7
1.1972581914192439E-5	0.9998642306438438	5.984633429484498E-7	4.475575907947399E-6	0.40699912489787105	0.9998642306438438	4.475575907947399E-6	0.40699912489787105	16998.18599066837	1.0651519419956439E-6
1.5350254438446492E-5	0.9998259319869254	7.6724027160183E-7	7.1424564686629675E-6	0.5218044362051097	0.9998259319869254	7.1424564686629675E-6	0.5218044362051097	16997.956372458342	2.191950328242172E-6
1.8727926962700543E-5	0.9997876351903525	9.359908325217489E-7	1.0324604106199961E-5	0.6366026192390368	0.9997876351903525	1.0324604106199961E-5	0.6366026192390368	16997.726766323984	3.8942510717388094E-6
2.2105599486954594E-5	0.9997493402540146	1.1047150303885133E-6	1.3974908859951883E-5	0.7513936708540139	0.9997493402540146	1.3974908859951883E-5	0.7513936708540139	16997.497172170108	6.269737956920866E-6
2.5483272011208645E-5	0.9997110471778017	1.2734128697758252E-6	1.8050717906387978E-5	0.8661775879049081	0.9997110471778017	1.8050717906387978E-5	0.8661775879049081	16997.267589910454	9.407179616343786E-6
2.8860944535462696E-5	0.9996727559616035	1.4420843551634103E-6	2.2513281428487115E-5	0.9809543672456026	0.9996727559616035	2.2513281428487115E-5	0.9809543672456026	16997.038019466767	1.3387539479924177E-5
3.223861705971675E-5	0.9996344666053105	1.6107294909472076E-6	2.7327357196528338E-5	1.095724005729444	0.9996344666053105	2.7327357196528338E-5	1.095724005729444	16996.80846076792	1.828476621334745E-5
3.56162895839708E-5	0.9995961791088128	1.7793482814474934E-6	3.2460893604292455E-5	1.210486500209816	0.9995961791088128	3.2460893604292455E-5	1.210486500209816	16996.578913749207	2.4166427072222156E-5
3.899396210822485E-5	0.9995578934720009	1.9479407309157156E-6	3.788474841699159E-5	1.3252418475404384	0.9995578934720009	3.788474841699159E-5	1.3252418475404384	16996.34937835173	3.109427010311121E-5
4.2371634632478904E-5	0.999519609694765	2.1165068435405776E-6	4.3572429479171216E-5	1.439990044575469	0.999519609694765	4.3572429479171216E-5	1.439990044575469	16996.11985452188	3.912474262913836E-5
4.5749307156732956E-5	0.999481327776996	2.285046623453604E-6	4.9499855364668345E-5	1.5547310881695273	0.999481327776996	4.9499855364668345E-5	1.5547310881695273	16995.890342210867	4.8309469933363274E-5
4.912697968098701E-5	0.9994430477185845	2.4535600747342585E-6	5.5645136137620565E-5	1.6694649751777035	0.9994430477185845	5.5645136137620565E-5	1.6694649751777035	16995.66084137428	5.869569373578401E-5
5.250465220524106E-5	0.999404769519421	2.62204720141463E-6	6.198837368015678E-5	1.784191702455571	0.999404769519421	6.198837368015678E-5	1.784191702455571	16995.431351971692	7.032667153283481E-5
5.588232472949511E-5	0.9993664931793966	2.7905080074837E-6	6.851148025994876E-5	1.898911266859202	0.9993664931793966	6.851148025994876E-5	1.898911266859202	16995.201873966296	8.324203945233624E-5
5.925999725374916E-5	0.999328218698402	2.9589424968912254E-6	7.51980137264932E-5	2.0136236652451873	0.999328218698402	7.51980137264932E-5	2.0136236652451873	16994.97240732458	9.747814184927417E-5
6.263766977800322E-5	0.9992899460763283	3.127350673551263E-6	8.203302776799243E-5	2.1283288944706507	0.9992899460763283	8.203302776799243E-5	2.1283288944706507	16994.742952016022	1.1306833078072308E-4
6.782223554213478E-5	0.9992312030484072	3.3857979864730623E-6	9.278276715764689E-5	2.304381979845344	0.9992312030484072	9.278276715764689E-5	2.304381979845344	16994.39077107878	1.3970195261461848E-4
7.300680130626632E-5	0.9991724643995982	3.6441833275459495E-6	1.0380695958510478E-4	2.4804181553525733	0.9991724643995982	1.0380695958510478E-4	2.4804181553525733	16994.038616689148	1.6969732051247578E-4
7.819136707039786E-5	0.9991137301295078	3.902506710540847E-6	1.1506766791854378E-4	2.656437409633885	0.9991137301295078	1.1506766791854378E-4	2.656437409633885	16993.68648876882	2.0314281098787192E-4
8.337593283452941E-5	0.9990550002377424	4.16076814909877E-6	1.2653250495815347E-4	2.832439731334296	0.9990550002377424	1.2653250495815347E-4	2.832439731334296	16993.334387250277	2.4011569681947918E-4
8.856049859866095E-5	0.998996274723909	4.418967656747194E-6	1.3817361223880512E-4	3.0084251091022898	0.998996274723909	1.3817361223880512E-4	3.0084251091022898	16992.982312075408	2.8068418950380567E-4
9.37450643627925E-5	0.9989375535876145	4.677105246920015E-6	1.4996681405477562E-4	3.184393531589782	0.9989375535876145	1.4996681405477562E-4	3.184393531589782	16992.630263193823	3.249091312771696E-4
9.892963012692404E-5	0.9988788368284662	4.935180932973624E-6	1.6189110990797026E-4	3.3603449874521623	0.9988788368284662	1.6189110990797026E-4	3.3603449874521623	16992.278240561485	3.7284501019481164E-4
1.0411419589105559E-4	0.9988201244460716	5.193194728197311E-6	1.7392832620138131E-4	3.5362794653483682	0.9988201244460716	1.7392832620138131E-4	3.5362794653483682	16991.926244139828	4.2454065667583236E-4
1.0929876165518713E-4	0.9987614164400381	5.451146645820387E-6	1.8606278291823417E-4	3.712196953940951	0.9987614164400381	1.8606278291823417E-4	3.712196953940951	16991.574273895145	4.8003991008966094E-4
1.2068215653564487E-4	0.9986325306555836	6.017296935357544E-6	2.1298242427647123E-4	4.098387240797001	0.9986325306555836	2.1298242427647123E-4	4.098387240797001	16990.801568703122	6.154294626333361E-4
1.3206555141610262E-4	0.9985036659626353	6.583149127759065E-6	2.4019271904366404E-4	4.484495451138082	0.9985036659626353	2.4019271904366404E-4	4.484495451138082	16990.028989313698	7.697037941653799E-4
1.4039903917223643E-4	0.9984093408373346	6.997205907259551E-6	2.602502258964766E-4	4.767103138434113	0.9984093408373346	2.602502258964766E-4	4.767103138434113	16989.463483658605	8.947866271866614E-4
1.4873252692837024E-4	0.9983150270118055	7.411103054649155E-6	2.803958079707983E-4	5.049666727074308	0.9983150270118055	2.803958079707983E-4	5.049666727074308	16988.89804526706	0.0010302482154660054
1.5706601468450405E-4	0.9982207244844221	7.824840623710635E-6	3.0060885665872156E-4	5.332186170105654	0.9982207244844221	3.0060885665872156E-4	5.332186170105654	16988.33267408924	0.001176181463340489
1.6539950244063786E-4	0.9981264332535591	8.238418668110236E-6	3.2087356339994725E-4	5.614661420600666	0.9981264332535591	3.2087356339994725E-4	5.614661420600666	16987.76737008368	0.0013326696481068714
1.7373299019677167E-4	0.9980321533175913	8.651837241408488E-6	3.4117825061388975E-4	5.8970924316574695	0.9980321533175913	3.4117825061388975E-4	5.8970924316574695	16987.202133216306	0.0014997877580859838
1.8206647795290549E-4	0.9979378846748947	9.06509639707394E-6	3.615137883564227E-4	6.17947915640004	0.9979378846748947	3.615137883564227E-4	6.17947915640004	16986.63696345933	0.0016776056591624035
1.903999657090393E-4	0.9978436273238454	9.478196188506831E-6	3.818725768295376E-4	6.461821547978362	0.9978436273238454	3.818725768295376E-4	6.461821547978362	16986.071860789183	0.001866190129656804
1.987334534651731E-4	0.9977493812628199	9.89113666906196E-6	4.0224840809746935E-4	6.74411955956846	0.9977493812628199	4.0224840809746935E-4	6.74411955956846	16985.50682518461	0.0020656051368524776
2.13132176095216E-4	0.9975865681344412	1.060424602812742E-5	4.3748081779040583E-4	7.231773491209582	0.9975865681344412	4.3748081779040583E-4	7.231773491209582	16984.530706352634	0.0024358580250610387
2.275308987252589E-4	0.9974237886974509	1.1316880223320018E-5	4.7273252854606457E-4	7.719294552435225	0.9974237886974509	4.7273252854606457E-4	7.719294552435225	16983.554787592264	0.002838926320110686
2.419296213553018E-4	0.9972610429434849	1.2029039529047375E-5	5.079919872313334E-4	8.206682502273612	0.9972610429434849	5.079919872313334E-4	8.206682502273612	16982.579068829175	0.003275098457958116
2.563283439853447E-4	0.9970983308641835	1.2740724219428863E-5	5.432514646421333E-4	8.6939370999874	0.9970983308641835	5.432514646421333E-4	8.6939370999874	16981.60354999967	0.003744654981205965
2.7072706661538764E-4	0.9969356524511905	1.3451934568348612E-5	5.785056033757684E-4	9.181058105074376	0.9969356524511905	5.785056033757684E-4	9.181058105074376	16980.628231046187	0.004247871442757044
2.8512578924543057E-4	0.996773007696154	1.4162670849497719E-5	6.137507269608697E-4	9.668045277268007	0.996773007696154	6.137507269608697E-4	9.668045277268007	16979.653111913707	0.004785019787038622
2.995245118754735E-4	0.9966103965907253	1.4872933336388576E-5	6.489844045097929E-4	10.154898376537938	0.9966103965907253	6.489844045097929E-4	10.154898376537938	16978.678192548556	0.00535636922020778
3.1392323450551643E-4	0.9964478191265599	1.5582722302354512E-5	6.842050669833359E-4	10.641617163090482	0.9964478191265599	6.842050669833359E-4	10.641617163090482	16977.703472898454	0.0059621869771306875
3.2832195713555936E-4	0.996285275295317	1.6292038020550022E-5	7.194116911728594E-4	11.128201397369132	0.996285275295317	7.194116911728594E-4	11.128201397369132	16976.72895291249	0.006602738952927406
3.5292396537070904E-4	0.9960076267488247	1.7502897815781328E-5	7.795321741490016E-4	11.959279033247302	0.9960076267488247	7.795321741490016E-4	11.959279033247302	16975.064326207703	0.007778334803176428
3.775259736058587E-4	0.9957300763242944	1.8712378170190807E-5	8.396076229682751E-4	12.789961966889914	0.9957300763242944	8.396076229682751E-4	12.789961966889914	16973.400282010265	0.009057424367520456
4.021279818410084E-4	0.9954526239801975	1.9920480442903122E-5	8.99637161922745E-4	13.620249008184839	0.9954526239801975	8.99637161922745E-4	13.620249008184839	16971.736820076505	0.010441320462888341
4.267299900761581E-4	0.9951752696750372	2.1127205991652903E-5	9.596202973976801E-4	14.450138969064055	0.9951752696750372	9.596202973976801E-4	14.450138969064055	16970.073940163496	0.011931333005815996
4.5133199831130777E-4	0.9948980133673487	2.2332556172789876E-5	0.0010195566169352045	15.27963066351115	0.9948980133673487	0.0010195566169352045	15.27963066351115	16968.41164202876	0.013528769607003773
4.7593400654645745E-4	0.9946208550156991	2.353653234127736E-5	0.0010794458856462146	16.10872290756777	0.9946208550156991	0.0010794458856462146	16.10872290756777	16966.749925430533	0.015234935372198598
5.214965811790672E-4	0.9941078201844141	2.5762655273028795E-5	0.0011902355716457706	17.643131207478298	0.9941078201844141	0.0011902355716457706	17.643131207478298	16963.673984540375	0.018686290724581767
5.67059155811677E-4	0.993595120923184	2.7984078771734166E-5	0.0013008637652272806	19.176157910706017	0.993595120923184	0.0013008637652272806	19.176157910706017	16960.600035876967	0.022523290845083716
6.126217304442868E-4	0.9930827569696866	3.0200811406741485E-5	0.0014113304862107387	20.707795553111684	0.9930827569696866	0.0014113304862107387	20.707795553111684	16957.528077912415	0.02675416390133756
6.581843050768966E-4	0.9925707280619703	3.241286173127176E-5	0.0015216355176861387	22.23803669521417	0.9925707280619703	0.0015216355176861384	22.23803669521417	16954.4581091203	0.031387112808474754
7.037468797095064E-4	0.9920590339384532	3.462023828244799E-5	0.001631778639219915	23.766873922343656	0.9920590339384532	0.0016317786392199148	23.766873922343656	16951.390127976214	0.03643031461344022
7.721717192197544E-4	0.9912912116664596	3.792646497526993E-5	0.0017968847723453137	26.060193408505324	0.9912912116664596	0.0017968847723453137	26.060193408505324	16946.786434163023	0.04479262895123526
8.405965587300025E-4	0.9905241429727696	4.1222198750506185E-5	0.0019616254137750184	28.350305013229487	0.9905241429727696	0.0019616254137750184	28.350305013229487	16942.187214584384	0.054126072931465034
9.090213982402505E-4	0.98975782697606	4.4507468319836727E-5	0.0021260003422234274	30.637183942553857	0.98975782697606	0.0021260003422234274	30.637183942553857	16937.59246410529	0.06445800823303488
9.774462377504986E-4	0.9889922627968545	4.7782302313898135E-5	0.0022900092867549826	32.92080553230766	0.9889922627968545	0.0022900092867549826	32.92080553230766	16933.002177601305	0.07581566152510462
0.0010924203259165923	0.9877075777603984	5.3261577249037894E-5	0.0025647682598425358	36.750566481051024	0.9877075777603984	0.002564768259842536	36.750566481051024	16925.299168644764	0.09728443206750685
0.001207394414082686	0.986425008776098	5.871160389010622E-5	0.0028384920574189053	40.57094589919848	0.986425008776098	0.0028384920574189058	40.57094589919848	16917.608724646616	0.12185328918588852
0.0013223685022487797	0.9851445517063557	6.4132516531385E-5	0.0031111796331085837	44.38182930124771	0.9851445517063557	0.0031111796331085837	44.38182930124771	16909.930821496313	0.14964877470452428
0.0014373425904148733	0.9838662024278899	6.952444883179559E-5	0.003382830000738765	48.1831032799061	0.9838662024278899	0.0033828300007387653	48.1831032799061	16902.26543516581	0.18079631092583615
0.001552316678580967	0.9825899568315963	7.48875338184958E-5	0.003653442238554847	51.974655520296714	0.9825899568315963	0.0036534422385548476	51.974655520296714	16894.612541708764	0.21542018682036043
0.001746057816787435	0.9804441220073022	8.385989552101331E-5	0.004107096024529597	58.341442219939175	0.9804441220073022	0.004107096024529598	58.341442219939175	16881.74496028089	0.2819705473334882
0.0019397989549939031	0.9783042294876693	9.27513500886602E-5	0.004557795980210972	64.67978369592825	0.9783042294876693	0.004557795980210973	64.67978369592825	16868.912671112343	0.3593229556652707
0.002133540093200371	0.976170259878588	1.0156252201355937E-4	0.005005538994896229	70.98916418323297	0.976170259878588	0.005005538994896229	70.98916418323297	16856.115561163602	0.44804969971663605
0.0023272812314068395	0.9740421938949448	1.1029403083200554E-4	0.005450322499436192	77.26907723412587	0.9740421938949448	0.005450322499436192	77.26907723412587	16843.353518022785	0.5487134357293973
0.0025210223696133073	0.971920012358963	1.1894649116738917E-4	0.005892144465230957	83.51902586436904	0.971920012358963	0.005892144465230957	83.51902586436904	16830.626429895885	0.6618670469702251
0.002714763507819775	0.9698036961985365	1.2752051277324658E-4	0.00633100340256649	89.73852269496297	0.9698036961985365	0.00633100340256649	89.73852269496297	16817.934185597023	0.7880535068696036
0.002908504646026243	0.9676932264455795	1.3601670057592752E-4	0.006766898357648841	95.92709008708543	0.9676932264455795	0.006766898357648841	95.92709008708543	16805.27667453874	0.9278057489323578
0.003102245784232711	0.9655885842344032	1.44435654716512E-4	0.007199828910079009	102.08426026799668	0.9655885842344032	0.007199828910079009	102.08426026799668	16792.653786722483	1.0816465455987985
0.0032959869224391787	0.9634897508001148	1.527779705921329E-4	0.007629795170562405	108.20957544838048	0.9634897508001148	0.0076297951705624045	108.20957544838048	16780.06541272919	1.2500883956025908
0.0034897280606456466	0.9613967074770315	1.6104423889697403E-4	0.008056797777690939	114.30258793248396	0.9613967074770315	0.008056797777690939	114.30258793248396	16767.511443709987	1.4336334184919337
0.0036834691988521144	0.9593094356971059	1.6923504566298528E-4	0.008480837894273062	120.36286022139615	0.9593094356971059	0.008480837894273063	120.36286022139615	16754.99177137696	1.6327732559757964
0.0038772103370585823	0.9572279169883691	1.7735097230020007E-4	0.00890191720378809	126.38996510892025	0.9572279169883691	0.00890191720378809	126.38996510892025	16742.506287993994	1.8479889806248566
0.00407095147526505	0.9551521329733944	1.853925956365909E-4	0.009320037906478746	132.38348576964307	0.9551521329733944	0.009320037906478744	132.38348576964307	16730.05488636776	2.0797510123163785
0.004264692613471518	0.9530820653677805	1.9336048795749725E-4	0.009735202714890003	138.34301583932182	0.9530820653677805	0.009735202714890003	138.34301583932182	16717.637459838807	2.3285190423050754
0.004458433751677986	0.9510176959786527	2.0125521704467808E-4	0.010147414849250398	144.26815948786404	0.9510176959786527	0.010147414849250398	144.26815948786404	16705.25390227277	2.5947419646474223
0.004652174889884454	0.9489590067031825	2.0907734621499795E-4	0.010556678032706364	150.15853148499284	0.9489590067031825	0.010556678032706362	150.15853148499284	16692.904108051665	2.878857814886932
0.0048459160280909215	0.9469059795271269	2.1682743435872924E-4	0.010962996486167205	156.0137572585426	0.9469059795271269	0.010962996486167203	156.0137572585426	16680.58797206533	3.181293716052058
0.005039657166297389	0.9448585965233876	2.245060359774636E-4	0.011366374922852793	161.83347294536972	0.9448585965233876	0.011366374922852793	161.83347294536972	16668.305389702946	3.50246583198004
0.005233398304503857	0.9428168398505907	2.3211370122164327E-4	0.011766818542684347	167.61732543496115	0.9428168398505907	0.011766818542684347	167.61732543496115	16656.056256844717	3.842779327883673
0.005427139442710325	0.9407806917516868	2.3965097592772483E-4	0.012164333026423422	173.36497240585282	0.9407806917516868	0.012164333026423422	173.36497240585282	16643.840469853636	4.202628338048538
0.005620880580916793	0.9387501345525705	2.471184016549803E-4	0.0125589245295196	179.07608235494294	0.9387501345525705	0.012558924529519599	179.07608235494294	16631.657925567393	4.582395940575953
0.005814621719123261	0.9367251506607222	2.5451651572193574E-4	0.012950599675764986	184.7503346197637	0.9367251506607222	0.012950599675764986	184.7503346197637	16619.5085212904	4.982454139105919
0.006008362857329729	0.9347057225638699	2.618458512424495E-4	0.013339365550762962	190.3874193937896	0.9347057225638699	0.013339365550762962	190.3874193937896	16607.392154785928	5.403163851441587
0.0062021039955361965	0.9326918328286726	2.6910693716143577E-4	0.013725229695158263	195.9870377348824	0.9326918328286726	0.013725229695158265	195.9870377348824	16595.308724268387	5.844874904974781
0.006395845133742664	0.9306834640994254	2.7630029829023935E-4	0.014108200097662746	201.5489015669819	0.9306834640994254	0.014108200097662747	201.5489015669819	16583.25812839573	6.307926038802438
0.006736569092463666	0.9271647751462537	2.887882398646508E-4	0.014774719519100003	211.23788539313873	0.9271647751462537	0.014774719519100005	211.23788539313873	16562.144621798492	7.175028991842514
0.007077293051184667	0.9236630151144384	3.010711277563721E-4	0.015432364361023862	220.80782135979786	0.9236630151144384	0.015432364361023866	220.80782135979786	16541.131810954503	8.110840802335565
0.0072973656572248025	0.921410193477963	3.0889691188586865E-4	0.015852442778492223	226.92511173076895	0.921410193477963	0.015852442778492223	226.92511173076895	16527.61296777055	8.752551944923692
0.007517438263264938	0.9191643707672639	3.1663904104468486E-4	0.016268856121245828	232.9918496518352	0.9191643707672639	0.016268856121245824	232.9918496518352	16514.135761997753	9.42400049691275
0.007737510869305074	0.9169255222621426	3.242982450317396E-4	0.016681620230449792	239.00771928144889	0.9169255222621426	0.016681620230449792	239.00771928144889	16500.70004919421	10.125574504961158
0.00795758347534521	0.9146936233564433	3.318752471941305E-4	0.0170907515919878	244.97242253133786	0.9146936233564433	0.0170907515919878	244.97242253133788	16487.30568556723	10.857643937200304
0.008177656081385347	0.9124686495558911	3.3937076449071615E-4	0.017496267319487908	250.8856789654407	0.9124686495558911	0.017496267319487908	250.88567896544072	16473.95252796067	11.620560790648296
0.008397728687425483	0.9102505764758365	3.4678550755901403E-4	0.01789818514281454	256.7472256851689	0.9102505764758365	0.01789818514281454	256.7472256851689	16460.64043384174	12.414659212561945
0.00861780129346562	0.9080393798391708	3.541201807779862E-4	0.01829652339130234	262.5568172049425	0.9080393798391708	0.01829652339130234	262.5568172049425	16447.369261288775	13.240255631023299
0.008837873899505756	0.9058350354744027	3.613754823269897E-4	0.018691300975439903	268.3142253182441	0.9058350354744027	0.018691300975439903	268.3142253182441	16434.138868979982	14.097648894535222
0.009057946505545892	0.903637519313806	3.685521042434322E-4	0.01908253737129494	274.01923895335926	0.903637519313806	0.01908253737129494	274.01923895335926	16420.9491161826	14.98712042171615
0.009278019111586029	0.901446807391592	3.7565073248043584E-4	0.019470252604748592	279.67166401855866	0.901446807391592	0.01947025260474859	279.67166401855866	16407.79986274221	15.908934361479274
0.009498091717626165	0.8992628758421092	3.826720469644215E-4	0.019854467234136256	285.27132323714847	0.8992628758421092	0.01985446723413626	285.27132323714847	16394.690969072202	16.863337763263445
0.009718164323666302	0.8970857008980871	3.8961672165216616E-4	0.02023520233317551	290.81805597300047	0.8970857008980871	0.020235202333175512	290.81805597300047	16381.62229614352	17.85056075665398
0.009938236929706438	0.8949152588889314	3.9648542458712443E-4	0.02061247947447523	296.31171804706537	0.8949152588889314	0.02061247947447523	296.31171804706537	16368.593705474681	18.87081673986668
0.010158309535746575	0.8927515262390687	4.032788179550532E-4	0.020986320712623584	301.7521815452592	0.8927515262390687	0.020986320712623584	301.7521815452592	16355.605059122128	19.92430257671111
0.010378382141786711	0.8905944794663379	4.099975581390289E-4	0.02135674856698892	307.1393346180859	0.8905944794663379	0.02135674856698892	307.1393346180859	16342.65621967083	21.01119880168029
0.010598454747826848	0.8884440951804269	4.1664229577390184E-4	0.021723786004756912	312.4730812723788	0.8884440951804269	0.02172378600475691	312.4730812723788	16329.747050225154	22.131669832786834
0.010818527353866984	0.886300350081354	4.232136758001876E-4	0.022087456424031617	317.75334115556564	0.886300350081354	0.022087456424031614	317.75334115556564	16316.877414400033	23.285864191741982
0.011155444081030155	0.8830312264350173	4.331333645594287E-4	0.022637743316947196	325.7333067626739	0.8830312264350173	0.0226377433169472	325.7333067626739	16297.25112661876	25.118492188378262
0.011395114251063628	0.8807150851532464	4.4008737127411587E-4	0.023024475566141442	331.33347024009527	0.8807150851532464	0.023024475566141445	331.33347024009527	16283.345646893205	26.470681841484623
0.0116347844210971	0.8784067189866023	4.4695708698927066E-4	0.023407318850098578	336.8700030060015	0.8784067189866023	0.023407318850098578	336.8700030060015	16269.486474623096	27.86335236734836
0.011874454591130573	0.8761060983593648	4.5374331134450253E-4	0.023786305696764064	342.34289151231224	0.8761060983593648	0.023786305696764064	342.34289151231224	16255.673436579851	29.296603895812726
0.012114124761164045	0.8738131938119592	4.6044683638421995E-4	0.02416146910553313	347.752142317607	0.8738131938119592	0.024161469105533132	347.752142317607	16241.906360189538	30.77051612226542
0.012353794931197518	0.8715279759992923	4.670684466267324E-4	0.02453284252028066	353.09778172862457	0.8715279759992923	0.02453284252028066	353.09778172862457	16228.185073523213	32.28514867099607
0.01259346510123099	0.8692504156887512	4.736089191472744E-4	0.024900459805832068	358.37985537108676	0.8692504156887512	0.024900459805832068	358.37985537108676	16214.50940528532	33.840541530194336
0.012833135271264463	0.8669804837582697	4.800690236602622E-4	0.025264355222642358	363.5984277533239	0.8669804837582697	0.02526435522264236	363.5984277533239	16200.879184802501	35.4367154939497
0.013263983431780764	0.8629189829073073	4.914824927379603E-4	0.025909270803613958	372.82029743969713	0.8629189829073073	0.02590927080361396	372.82029743969713	16176.490274158063	38.40865621421437
0.013694831592297065	0.8588818727194384	5.0264307316173E-4	0.026542474745250764	381.83786170090536	0.8588818727194384	0.02654247474525077	381.83786170090536	16152.246701190517	41.51224523283771
0.014125679752813366	0.8548689866062452	5.135550617520007E-4	0.02716417412374635	390.6519288105446	0.8548689866062452	0.027164174123746356	390.6519288105446	16128.147488971004	44.74716253357612
0.014556527913329667	0.8508801590460213	5.242226826447072E-4	0.02777457874036887	399.2634797353026	0.8508801590460213	0.027774578740368868	399.2634797353026	16104.191666562287	48.11291240855974
0.014987376073845968	0.8469152255600982	5.346500885785143E-4	0.028373900696308903	407.6736600038179	0.8469152255600982	0.028373900696308907	407.6736600038179	16080.378268883085	51.60883165768883
0.015418224234362269	0.842974022690231	5.448413621809527E-4	0.028962353976185646	415.88377146445134	0.842974022690231	0.02896235397618565	415.88377146445134	16056.706336578804	55.2340978959158
0.01584907239487857	0.8390563879775612	5.548005172346334E-4	0.029540154045941607	423.8952640307058	0.8390563879775612	0.029540154045941607	423.8952640307058	16033.174915901662	58.98773786816278
0.01666968824374636	0.8316592699219574	5.731413152711023E-4	0.03061197380213543	438.61078646762326	0.8316592699219575	0.03061197380213543	438.61078646762326	15988.741016659276	66.4880932326819
0.017490304092614147	0.8243459589092109	5.906809243877283E-4	0.031647435165054943	452.6239209571391	0.8243459589092109	0.031647435165054943	452.6239209571391	15944.806917721915	74.44097275048334
0.01805136479580203	0.8193934718759841	6.022250242131484E-4	0.03233523409103701	461.8075658437787	0.8193934718759841	0.032335234091037016	461.8075658437788	15915.053234398525	80.13348172661267
0.01861242549898991	0.8144793029639948	6.134146749700784E-4	0.033007218636872455	470.67407789952244	0.8144793029639948	0.03300721863687244	470.67407789952256	15885.528142063047	86.02884385406232
0.019173486202177792	0.8096031084271363	6.242577142571919E-4	0.03366386492841321	479.22849883259653	0.8096031084271363	0.033663864928413195	479.22849883259664	15856.229618779067	92.12302791668701
0.019734546905365673	0.8047645470726015	6.347618093694522E-4	0.034305645505279064	487.47610573181316	0.8047645470726015	0.034305645505279064	487.4761057318133	15827.155656953739	98.41176014955731
0.020295607608553555	0.799963280233723	6.449344612007218E-4	0.03493302835844638	495.4223842840435	0.799963280233723	0.034933028358446375	495.42238428404363	15798.304263195803	104.89055109344224
0.020856668311741437	0.7951989717524969	6.547830079726393E-4	0.0355464760077126	503.073003117384	0.7951989717524969	0.03554647600771259	503.0730031173842	15769.673458230944	111.55472129488172
0.021417729014929318	0.7904712879646714	6.643146288992371E-4	0.036146444824358546	510.43378916298644	0.7904712879646714	0.036146444824358546	510.4337891629866	15741.261276832716	118.39942597957646
0.0219787897181172	0.7857798976854351	6.7353634781308E-4	0.03673338433803772	517.5107040411547	0.7857798976854351	0.03673338433803772	517.5107040411548	15713.065767756802	125.4196786998517
0.02253985042130508	0.7811244721980195	6.824550367109316E-4	0.037307736526554315	524.3098215739496	0.7811244721980195	0.0373077365265543	524.3098215739498	15685.084993692306	132.61037384711582
0.023100911124492963	0.7765046852467302	6.910774191909156E-4	0.037869935322439034	530.8373064990489	0.7765046852467302	0.03786993532243903	530.837306499049	15657.317031239505	139.9663079496216
0.023661971827680844	0.7719202130334478	6.994100737931934E-4	0.038420406166319684	537.0993943875199	0.7719202130334478	0.038420406166319684	537.09939438752	15629.759970907993	147.48219975606264
0.024223032530868726	0.7673707342160286	7.074594372658124E-4	0.03895956550258433	543.1023727399402	0.7673707342160286	0.038959565502584316	543.1023727399403	15602.411917125717	155.15270913544373
0.024784093234056608	0.762855929908055	7.15231807761124E-4	0.03948782044470768	548.8525632494836	0.762855929908055	0.03948782044470767	548.8525632494838	15575.270988256048	162.9724548057925
0.02534515393724449	0.7583754836801389	7.227333479564522E-4	0.040005568537638946	554.3563052323562	0.7583754836801389	0.040005568537638946	554.3563052323564	15548.335316623954	170.9360308908748
0.02590621464043237	0.7539290815628131	7.299700880959052E-4	0.04051319743588415	559.6199402164469	0.7539290815628131	0.040513197435884135	559.619940216447	15521.603048551075	179.0380223143249
0.026467275343620252	0.7495164120506098	7.36947928957416E-4	0.04101108469435964	564.6497976624165	0.7495164120506098	0.04101108469435963	564.6497976624166	15495.072344397748	187.2730190577597
0.027028336046808134	0.7451371661068606	7.436726447504218E-4	0.041499597706316275	569.4521817832227	0.7451371661068606	0.04149959770631628	569.4521817832228	15468.741378609235	195.63562931819806
0.027589396749996015	0.7407910371689658	7.501498859464148E-4	0.04197909354674914	574.0333594279432	0.7407910371689658	0.04197909354674914	574.0333594279433	15442.608339764181	204.1204916001638
0.028150457453183897	0.7364777211540227	7.563851820425334E-4	0.04244991885050486	578.3995489957483	0.7364777211540227	0.04244991885050484	578.3995489957484	15416.671430624916	212.72228577668716
0.02871151815637178	0.7321969164646814	7.623839442590658E-4	0.04291240988386666	582.5569103426138	0.7321969164646814	0.042912409883866666	582.556910342614	15390.928868189105	221.4357431566936
0.02927257885955966	0.7279483239950568	7.68151468172981E-4	0.04336689253044979	586.5115356343382	0.7279483239950568	0.04336689253044979	586.5115356343383	15365.37888374118	230.25565560628567
0.02983363956274754	0.723731647136388	7.736929362898075E-4	0.04381368228230264	590.2694411262623	0.723731647136388	0.04381368228230261	590.2694411262624	15340.019722901892	239.17688374425308
0.030394700265935423	0.7195465917825153	7.790134205552987E-4	0.04425308431013681	593.8365597835293	0.7195465917825153	0.04425308431013681	593.8365597835294	15314.849645676566	248.19436429762138
0.030955760969123305	0.7153928663349474	7.841178848082066E-4	0.04468539362216026	597.2187347239501	0.7153928663349474	0.04468539362216027	597.2187347239502	15289.866926500697	257.3031166358228
0.031516821672311186	0.7112701817074016	7.890111871755377E-4	0.04511089513975972	600.4217134444857	0.7112701817074016	0.0451108951397597	600.4217134444858	15265.069854281877	266.4982485231801
0.032077882375499064	0.7071782513297545	7.936980824117671E-4	0.045529863785616576	603.4511427796109	0.7071782513297545	0.04552986378561656	603.451142779611	15240.456732437837	275.7749611414293
0.03263894307868694	0.7031167911513443	7.981832241834939E-4	0.04594256471896619	606.3125645419574	0.7031167911513443	0.04594256471896622	606.3125645419575	15216.025878930575	285.12855343177995
0.03320000378187482	0.699085519643557	8.02471167300905E-4	0.0463492535042255	609.0114118031888	0.699085519643557	0.04634925350422549	609.0114118031889	15191.775626295705	294.5544257991988
0.0337610644850627	0.6950841578016301	8.065663698973018E-4	0.046750176195194705	611.5530057759871	0.6950841578016301	0.04675017619519465	611.5530057759872	15167.704321666602	304.04808321826084
0.03432212518825058	0.6911124291456291	8.104731955579455E-4	0.04714556960456769	613.9425532565515	0.6911124291456291	0.047145569604567714	613.9425532565516	15143.810326793653	313.60513778076137
0.034883185891438455	0.6871700597205687	8.14195915399496E-4	0.04753566158360734	616.1851445861146	0.6871700597205687	0.047535661583607364	616.1851445861147	15120.092018058067	323.2213107270123
0.03544424659462633	0.6832567780956582	8.177387101012463E-4	0.04792067108933343	618.2857520917185	0.6832567780956582	0.04792067108933336	618.2857520917186	15096.547786479694	332.89243400109
0.03600530729781421	0.6793723153626519	8.211056718893109E-4	0.04830080841382007	620.2492289692129	0.6793723153626519	0.04830080841382008	620.249228969213	15073.176037719497	342.6144513663695
0.03656636800100209	0.6755164051332935	8.243008064749355E-4	0.048676275595462434	622.0803085733864	0.6755164051332935	0.04867627559546251	622.0803085733866	15049.975192076667	352.38341911643
0.03712742870418997	0.6716887835358509	8.273280349480374E-4	0.04904726650695834	623.7836040813012	0.6716887835358509	0.04904726650695826	623.7836040813013	15026.943684479322	362.19550641627677
0.037688489407377845	0.6678891892107427	8.301911956270127E-4	0.0494139669412591	625.3636084961701	0.6678891892107427	0.04941396694125904	625.3636084961702	15004.079964469485	372.04699530589176
0.03824955011056572	0.6641173633052645	8.328940458659046E-4	0.049776555139087714	626.8246949608217	0.6641173633052645	0.049776555139087866	626.8246949608218	14981.38249618327	381.93428039614923
0.0388106108137536	0.6603730494674275	8.354402638199965E-4	0.05013520201872088	628.1711173516866	0.6603730494674275	0.050135202018720855	628.1711173516867	14958.849758324863	391.85386828760795
0.03937167151694148	0.6566559938389229	8.378334501707532E-4	0.05049007101424214	629.4070111259555	0.6566559938389229	0.050490071014241925	629.4070111259556	14936.480244134214	401.802376739667
0.03993273222012936	0.6529659450472307	8.400771298110885E-4	0.05084131859063105	630.5363943961138	0.6529659450472307	0.050841318590631214	630.5363943961139	14914.272461350703	411.7765336136876
0.040493792923317236	0.6493026541969025	8.42174753492001E-4	0.051189094836462605	631.5631692063515	0.6493026541969025	0.0511890948364627	631.5631692063516	14892.224932171737	421.7731756166871
0.041054853626505114	0.6456658748600131	8.441296994314627E-4	0.051533542958571085	632.4911229929885	0.6456658748600131	0.05153354295857101	632.4911229929886	14870.336193203932	431.7892468658311
0.04161591432969299	0.6420553630658424	8.45945274886381E-4	0.05187479989700953	633.323930201779	0.6420553630658424	0.05187479989700953	633.3239302017791	14848.604795411666	441.8217972962355
0.04217697503288087	0.6384708772898096	8.476247176885914E-4	0.052212996687221055	634.065154043203	0.6384708772898096	0.052212996687221076	634.0651540432032	14827.029304060421	451.8679809336433
0.04303100343465678	0.6330641102421635	8.499269178013546E-4	0.05272219493323613	635.0253716165674	0.6330641102421635	0.05272219493323612	635.0253716165676	14794.483868845997	467.1799717692453
0.04388503183643269	0.6277162594887405	8.519319129555501E-4	0.053225007641973694	635.7930725369624	0.6277162594887405	0.05322500764197373	635.7930725369625	14762.29143332765	482.50798579531505
0.0447390602382086	0.6224265054420389	8.536502438889898E-4	0.053721822762499816	636.3794034909545	0.6224265054420389	0.053721822762499774	636.3794034909546	14730.44712608695	497.8433116465519
0.045593088639984514	0.6171940412901924	8.550921174237073E-4	0.05421300129102518	636.7949697633507	0.6171940412901924	0.05421300129102512	636.7949697633508	14698.946150577363	513.17774195042
0.046447117041760425	0.6120180728723496	8.562674172724372E-4	0.054698878983669326	637.049853897316	0.6120180728723496	0.05469887898366934	637.0498538973161	14667.783784442272	528.5035550063081
0.047301145443536335	0.6068978185486933	8.571857145269716E-4	0.05517976790246759	637.1536345510709	0.6068978185486933	0.055179767902467584	637.153634551071	14636.955378798462	543.8134962855388
0.04858436659189787	0.5993074389517757	8.581025749596296E-4	0.055893578722694834	637.0453123061578	0.5993074389517757	0.0558935787226948	637.0453123061579	14591.25198571107	566.7728012633282
0.0498675877402594	0.5918385512875495	8.584902760188731E-4	0.056597671332453574	636.6451623638171	0.5918385512875495	0.05659767133245357	636.6451623638172	14546.277028159488	589.6597258888503
0.05115080888862093	0.5844886591572528	8.583776066345424E-4	0.057292844813742534	635.9798486127459	0.5844886591572528	0.0572928448137425	635.979848612746	14502.01564744559	612.455034823389
0.052434030036982465	0.5772553262721228	8.577920033637618E-4	0.05797981091407479	635.0739507036659	0.5772553262721228	0.05797981091407478	635.073950703666	14458.453338543339	635.1414002174943
0.053717251185344	0.5701361752396417	8.567596145672226E-4	0.05865920278464934	633.9501035970566	0.5701361752396417	0.05865920278464936	633.9501035970567	14415.575943193338	657.7032656072334
0.05500047233370553	0.5631288863298319	8.553053618382839E-4	0.059331582614823755	632.6291316751032	0.5631288863298319	0.059331582614823755	632.6291316751033	14373.369642858499	680.1267153167769
0.05628369348206706	0.5562311962249572	8.534529985622356E-4	0.05999744873074076	631.1301771001816	0.5562311962249572	0.05999744873074077	631.1301771001818	14331.820951561402	702.3993496741317
0.057566914630428595	0.5494408967510415	8.512251653375908E-4	0.06065724232015321	629.4708221491621	0.5494408967510415	0.06065724232015322	629.4708221491624	14290.916708592535	724.5101663159954
0.05885013577879013	0.5427558335981878	8.486434424200536E-4	0.061311353230738774	627.6672050950073	0.5427558335981878	0.06131135323073876	627.6672050950075	14250.644071131295	746.4494479898594
0.06013335692715166	0.5361739050389663	8.457283995609884E-4	0.06196012524650045	625.7341293269279	0.5361739050389663	0.06196012524650044	625.7341293269282	14210.990506838625	768.2086571322587
0.06141657807551319	0.5296930606509581	8.42499643473042E-4	0.06260386117042907	623.6851656998325	0.529693060650958	0.06260386117042907	623.6851656998327	14171.943786459995	789.7803372127455
0.06269979922387472	0.5233113000463047	8.389758629795477E-4	0.06324282713810352	621.5327482964151	0.5233113000463046	0.06324282713810349	621.5327482964153	14133.491976455103	811.1580206526415
0.06398302037223626	0.5170266716107036	8.351748718927572E-4	0.0638772564111695	619.2882638104957	0.5170266716107035	0.06387725641116947	619.2882638104959	14095.623431669726	832.3361431019763
0.06526624152059779	0.510837271255178	8.311136497428264E-4	0.06450735319756486	616.9621347460627	0.5108372712551779	0.06450735319756486	616.9621347460629	14058.32678807162	853.3099638686763
0.06654946266895932	0.5047412411840184	8.268083805101768E-4	0.06513329587013493	614.5638966617736	0.5047412411840183	0.0651332958701349	614.5638966617738	14021.590955570575	874.075492260815
0.06783268381732085	0.49873676868140726	8.222744894808147E-4	0.06575523956486261	612.1022697503498	0.49873676868140715	0.06575523956486257	612.10226975035	13985.405110938444	894.6294195446095
0.06911590496568239	0.49282208491838775	8.175266783086685E-4	0.06637331902008968	609.5852250733817	0.49282208491838764	0.06637331902008968	609.5852250733819	13949.758690841369	914.9690561906599
0.07039912611404392	0.48699546378154646	8.125789583648395E-4	0.06698765106846492	607.0200457681971	0.48699546378154634	0.06698765106846492	607.0200457681973	13914.641384991757	935.0922740886018
0.07168234726240545	0.4812552207247264	8.074446824638953E-4	0.06759833627688866	604.4133835315579	0.48125522072472626	0.06759833627688862	604.4133835315581	13880.043129427477	954.9974534221732
0.07296556841076698	0.47559971164491294	8.021365750585324E-4	0.06820546096949827	601.7713106812781	0.4755997116449128	0.06820546096949827	601.7713106812784	13845.954099928162	974.683433897418
0.07424878955912852	0.4700273317828557	7.96666760982843E-4	0.06880909942406588	599.0993680888544	0.4700273317828556	0.06880909942406589	599.0993680888546	13812.364705572094	994.1494700294215
0.07553201070749005	0.46453651465016826	7.91046792822558E-4	0.06940931449775994	596.4026093088801	0.46453651465016815	0.06940931449775987	596.4026093088803	13779.265582441121	1013.3951901598092
0.07681523185585158	0.4591257309811583	7.852876769686601E-4	0.070006159195623	593.6856411239779	0.45912573098115816	0.070006159195623	593.6856411239781	13746.647587468464	1032.4205589863416
0.07809845300421311	0.45379348771083855	7.793998984292099E-4	0.07059967883830646	590.952660801443	0.45379348771083844	0.07059967883830653	590.9526608014432	13714.501792437917	1051.2258433045065
0.07938167415257465	0.4485383269796242	7.733934444656881E-4	0.07118991094272353	588.207490319682	0.4485383269796241	0.07118991094272346	588.2074903196823	13682.819478132089	1069.8115807070767
0.08066489530093618	0.44335882516430486	7.67277827111378E-4	0.0717768856912662	585.4536077874441	0.44335882516430475	0.07177688569126611	585.4536077874443	13651.592128633329	1088.1785510139457
0.08194811644929771	0.4382535919348412	7.610621046269644E-4	0.07236062887437697	582.694176266897	0.4382535919348411	0.0723606288743771	582.6941762668972	13620.811425778717	1106.3277502186156
0.08323133759765924	0.43322126933684063	7.547549019470846E-4	0.07294116169913971	579.9320702080009	0.4332212693368405	0.07294116169913967	579.9320702080012	13590.469243757349	1124.2603667553708
0.08451455874602078	0.4282605308996102	7.483644301682796E-4	0.07351849906163696	577.1698996902834	0.4282605308996101	0.07351849906163672	577.1698996902836	13560.557643852811	1141.9777598879941
0.08579777989438231	0.4233700807694768	7.418985051275043E-4	0.07409265340544571	574.4100326499685	0.4233700807694767	0.07409265340544592	574.4100326499687	13531.068869343513	1159.4814400286143
0.08708100104274384	0.4185486528678871	7.353645651176403E-4	0.07466363637475608	571.6546152541845	0.418548652867887	0.07466363637475623	571.6546152541847	13501.995340542631	1176.7730508418708
0.08836422219110537	0.4137950100737705	7.287696877802795E-4	0.0752314533740174	568.9055905727573	0.4137950100737704	0.0752314533740169	568.9055905727575	13473.329649965035	1193.854352995097
0.0896474433394669	0.4091079434297013	7.221206062159913E-4	0.07579610670079377	566.16471568857	0.4091079434297012	0.07579610670079386	566.1647156885701	13445.064557649972	1210.7272093834897
0.09093066448782844	0.40448627137140025	7.154237243548072E-4	0.07635760316115793	563.4335773768246	0.40448627137140014	0.07635760316115865	563.4335773768247	13417.192986628803	1227.3935717093589
0.09221388563618997	0.3999288389799372	7.086851316195263E-4	0.0769159430495551	560.713606467817	0.3999288389799371	0.07691594304955507	560.713606467817	13389.708018487934	1243.8554683489128
0.0934971067845515	0.3954345172565211	7.019106169192387E-4	0.0774711227885212	558.0060910248691	0.395434517256521	0.07747112278852103	558.0060910248691	13362.60288909104	1260.114993310569
0.09478032793291304	0.3910022024185523	6.9510568200178E-4	0.07802314587462418	555.3121883988824	0.3910022024185522	0.07802314587462515	555.3121883988824	13335.870984442097	1276.17429623794
0.09606354908127457	0.38663081521680337	6.882755542001625E-4	0.07857201203603681	552.6329362749688	0.38663081521680326	0.07857201203603674	552.6329362749686	13309.505836628432	1292.0355734025254
0.0973467702296361	0.3823193002733071	6.814251985974477E-4	0.07911770924348897	549.9692628039024	0.382319300273307	0.07911770924348743	549.9692628039023	13283.501119890658	1307.7010595452718
0.09829058900264376	0.37918575999210924	6.763765535567467E-4	0.07951705419279037	548.0205393940951	0.37918575999210913	0.07951705419279032	548.0205393940948	13264.600891046224	1319.099498032347
0.0989600189117005	0.3769822827689729	6.727915604922579E-4	0.07979926386454426	546.6438977999076	0.3769822827689728	0.07979926386454442	546.6438977999073	13251.310213860253	1327.1211960098472
0.09962944882075725	0.3747944740464702	6.692038700886813E-4	0.08008060866720888	545.2719706839661	0.3747944740464701	0.08008060866720872	545.2719706839658	13238.11387663324	1335.091010394493
0.100298878729814	0.3726221936822231	6.656140844605155E-4	0.08036109199922797	543.9048503423969	0.372622193682223	0.0803610919992287	543.9048503423967	13225.011039040728	1343.0092690489867
0.10096830863887074	0.37046530312913617	6.620227893635437E-4	0.08064071268762915	542.5426232849965	0.37046530312913606	0.0806407126876298	542.5426232849962	13212.00087025762	1350.8763008772526
0.10163773854792749	0.3683236654134294	6.584305545676222E-4	0.0809194644215684	541.1853704871049	0.3683236654134293	0.0809194644215672	541.1853704871047	13199.082548827006	1358.6924356387171
0.10230716845698423	0.36619714511285706	6.54837934227256E-4	0.0811973527068543	539.8331676379041	0.36619714511285695	0.081197352706854	539.8331676379039	13186.255262565128	1366.4580037305711
0.10297659836604098	0.3640856083350788	6.512454672498979E-4	0.08147438362259647	538.4860853847514	0.3640856083350787	0.08147438362259858	538.4860853847512	13173.518208410866	1374.1733360299393
0.10364602827509772	0.3619889226963509	6.476536776505917E-4	0.08175054273403735	537.1441895659857	0.3619889226963508	0.08175054273403644	537.1441895659855	13160.870592257366	1381.8387637663436
0.10409362944472247	0.3605952346662757	6.452527293079266E-4	0.08193470512958291	536.2498810856138	0.3605952346662756	0.08193470512958204	536.2498810856135	13152.463514802668	1386.936426811669
0.1044119281458753	0.35960813604239755	6.435457688196148E-4	0.08206543477205223	535.6153562373819	0.35960813604239744	0.08206543477205284	535.6153562373818	13146.509048830156	1390.548053916515
0.10473022684702812	0.3586243318790738	6.418392046961444E-4	0.08219596718023638	534.9820324680576	0.35862433187907367	0.08219596718023635	534.9820324680575	13140.574424558718	1394.1485592891495
0.10504852554818095	0.3576438084008224	6.401330888549786E-4	0.0823263033083325	534.3499154908519	0.35764380840082227	0.08232630330833214	534.3499154908518	13134.659559345015	1397.7379785370788
0.10536682424933377	0.35666655190548263	6.384274725146078E-4	0.08245644429597496	533.719010811568	0.3566665519054825	0.08245644429597512	533.7190108115678	13128.764370983414	1401.316347256175
0.1056851229504866	0.35569254876374046	6.367224062023684E-4	0.08258638912610052	533.0893237330063	0.35569254876374035	0.08258638912610065	533.0893237330062	13122.888777698503	1404.8837010323618
0.10600342165163942	0.35472178541865307	6.350179397620877E-4	0.0827161374849266	532.4608593594229	0.35472178541865296	0.08271613748492646	532.4608593594228	13117.032698147988	1408.440075432843
0.10632172035279225	0.3537542483851734	6.333141223617231E-4	0.08284568993070193	531.8336226009915	0.3537542483851733	0.08284568993070189	531.8336226009914	13111.19605142022	1411.985506002713
0.10692067597502306	0.35194229520388953	6.301099092223013E-4	0.08308894215069634	530.6566705699798	0.3519422952038894	0.08308894215069645	530.6566705699797	13100.265402724275	1418.6275391294766
0.10751963159725386	0.3501416300820009	6.269084824028529E-4	0.08333149961613366	529.4841117346562	0.3501416300820008	0.08333149961613372	529.4841117346559	13089.402747712647	1425.2311829131486
0.10811858721948467	0.34835216520119233	6.237101506279048E-4	0.08357336214913162	528.3159735481328	0.3483521652011922	0.08357336214913161	528.3159735481325	13078.607559389819	1431.7966733985536
0.10871754284171548	0.34657381361148293	6.205152146736757E-4	0.08381452928386121	527.1522813231442	0.3465738136114828	0.08381452928386121	527.1522813231439	13067.879315941062	1438.3242461807868
0.10931649846394628	0.34480648922001633	6.173239675439367E-4	0.08405500088020579	525.9930583266055	0.3448064892200162	0.08405500088020579	525.9930583266053	13057.217500667215	1444.8141363426525
0.10991545408617709	0.3430501067807526	6.141366946303898E-4	0.08429477683429952	524.83832586374	0.3430501067807525	0.08429477683429952	524.8383258637398	13046.621601923001	1451.2665784016704
0.11089656902931919	0.34019649767929766	6.089251172373723E-4	0.08468603658038477	522.9565771789477	0.34019649767929755	0.08468603658038477	522.9565771789474	13029.406160962288	1461.7556563070737
0.11187768397246128	0.337371655446103	6.037261260947305E-4	0.08507542861264943	521.0870039947141	0.33737165544610287	0.08507542861264943	521.0870039947139	13012.364030221848	1472.1459054694951
0.11285879891560338	0.33457521970691456	5.985408497720009E-4	0.08546295247332894	519.2296691653765	0.33457521970691445	0.08546295247332894	519.2296691653763	12995.493046272317	1482.4383447497373
0.11441936866982864	0.33018483923455305	5.903240079051343E-4	0.08607550143080431	516.3007153840563	0.33018483923455294	0.08607550143080431	516.300715384056	12969.005294666837	1498.610561784841
0.11597993842405391	0.3258640344329445	5.821486823208961E-4	0.08668332262443285	513.4030068232644	0.3258640344329443	0.08668332262443285	513.4030068232641	12942.936778177176	1514.5419207692692
0.11754050817827917	0.32161144200435465	5.740186843243818E-4	0.08728641668191535	510.53663664248523	0.3216114420043545	0.08728641668191534	510.536636642485	12917.279309784555	1530.2364220523014
0.11910107793250443	0.31742573235177673	5.659375538506419E-4	0.08788478522613749	507.7016446332718	0.31742573235177657	0.08788478522613748	507.7016446332716	12892.024903788511	1545.6980186909925
0.1206616476867297	0.31330560846930716	5.579085752545798E-4	0.08847843105102465	504.89802361569366	0.313305608469307	0.08847843105102464	504.89802361569343	12867.16576922003	1560.9306133469865
0.12222221744095496	0.30924980502987054	5.499347899120522E-4	0.08906735808447305	502.1257240791067	0.3092498050298704	0.08906735808447305	502.1257240791065	12842.694304423503	1575.9380563548032
0.12378278719518022	0.3052570875132919	5.420190080613974E-4	0.08965157126447801	499.3846583426376	0.3052570875132917	0.089651571264478	499.38465834263735	12818.603091876927	1590.7241441513806
0.1253433569494055	0.3013262512783129	5.341638213446234E-4	0.09023107663963165	496.67470494954523	0.30132625127831275	0.09023107663963165	496.67470494954495	12794.884892679167	1605.292617637977
0.12690392670363074	0.29745612062560284	5.263716153185531E-4	0.09080588136764553	493.99571291021056	0.29745612062560267	0.09080588136764554	493.9957129102103	12771.532640982632	1619.6471607208512
0.12934842678342356	0.2915131767695999	5.142975510728582E-4	0.09169683559771057	489.86110156147123	0.29151317676959976	0.09169683559771057	489.8611015614709	12735.672460613363	1641.7109712999943
0.1317929268632164	0.28571209828301014	5.023908646944409E-4	0.09257631294183392	485.8012276911736	0.28571209828301	0.09257631294183392	485.8012276911732	12700.66759863327	1663.2723966829947
0.13423742694300922	0.2800487642576056	4.906580649045347E-4	0.09344435586873126	481.81518980737843	0.28004876425760544	0.09344435586873123	481.81518980737803	12666.493277630078	1684.344727025459
0.13668192702280205	0.2745192034270882	4.791047286776084E-4	0.09430101265729089	477.9019955396718	0.274519203427088	0.09430101265729089	477.9019955396714	12633.125615756942	1704.9408955729446
0.13912642710259487	0.2691195875402361	4.677355792860899E-4	0.09514633699983036	474.06057968316173	0.26911958754023596	0.09514633699983037	474.06057968316134	12600.5415872938	1725.0734803366831
0.1415709271823877	0.26384622498733923	4.5655455993652165E-4	0.09598038757734291	470.2898205964656	0.26384622498733906	0.0959803875773429	470.2898205964652	12568.718984707453	1744.7547066659752
0.14401542726218053	0.25869555474525135	4.4556490195431806E-4	0.09680322801423757	466.5885542983863	0.2586955547452512	0.09680322801423757	466.5885542983859	12537.636382598346	1763.9964511781702
0.14645992734197336	0.25366414068771914	4.347691867252014E-4	0.09761492653738658	462.955585821329	0.253664140687719	0.0976149265373866	462.95558582132855	12507.2731038089	1782.8102473514275
0.14890442742176618	0.24874866622060174	4.2416940219570817E-4	0.09841555542932127	459.38969845133124	0.24874866622060157	0.09841555542932127	459.3896984513308	12477.609187455198	1801.2072922693842
0.151348927501559	0.2439459291800985	4.137669951493967E-4	0.09920519096669111	455.88966168375146	0.24394592918009836	0.09920519096669111	455.88966168375094	12448.625358518088	1819.1984538699821
0.15379342758135184	0.2392528369698435	4.0356291976712894E-4	0.09998391319335635	452.45423816591114	0.23925283696984337	0.09998391319335637	452.4542381659106	12420.302998850053	1836.7942784996133
0.15623792766114467	0.23466640194095065	3.935576824347648E-4	0.10075180531705323	449.08218953006866	0.2346664019409505	0.10075180531705324	449.08218953006815	12392.624119621827	1854.0049988574451
0.1586824277409375	0.23018373701294303	3.8375138286789564E-4	0.10150895366984147	445.7722811392177	0.2301837370129429	0.10150895366984149	445.77228113921717	12365.571335198583	1870.8405423115648
0.16112692782073032	0.2258020515176389	3.741437519176547E-4	0.10225544765260024	442.52328598045915	0.22580205151763877	0.10225544765260028	442.52328598045864	12339.127838338793	1887.310539406236
0.16357142790052315	0.2215186472454701	3.6473418646208977E-4	0.10299137901328792	439.3339879334031	0.22151864724546996	0.10299137901328792	439.33398793340257	12313.277376593265	1903.4243323946948
0.16601592798031597	0.2173309146815374	3.5552178163052894E-4	0.1037168417679302	436.20318450338925	0.21733091468153726	0.10371684176793015	436.20318450338874	12288.00422983205	1919.1909837425621
0.1684604280601088	0.21323632942413576	3.4650536050184907E-4	0.10443193246801633	433.12968904223453	0.21323632942413562	0.10443193246801634	433.129689042234	12263.293188855658	1934.6192846012123
0.17090492813990163	0.20923244877756902	3.3768350143346053E-4	0.10513674935761208	430.1123325115082	0.20923244877756889	0.10513674935761211	430.1123325115077	12239.129535039414	1949.7177632231708
0.17334942821969446	0.20531690850866685	3.2905456322108935E-4	0.10583139205963955	427.149964877912	0.2053169085086667	0.10583139205963951	427.14996487791143	12215.499020951622	1964.4946932579608
0.17579392829948728	0.20148741975655174	3.206167082832364E-4	0.10651596234726599	424.2414562145017	0.2014874197565516	0.106515962347266	424.2414562145011	12192.38785188491	1978.958101884439
0.1782384283792801	0.19774176608710764	3.123679240229108E-4	0.1071905632949166	421.38569754707584	0.1977417660871075	0.10719056329491668	421.38569754707527	12169.782668244769	1993.115777770988
0.18068292845907294	0.19407780068492436	3.0430604249146164E-4	0.10785529833602156	418.5816014721313	0.19407780068492425	0.10785529833602148	418.5816014721308	12147.670528755572	2006.9752788554895
0.18312742853886577	0.19049344367564097	2.9642875847825216E-4	0.10851027271860002	415.828102579119	0.19049344367564086	0.10851027271859996	415.8281025791184	12126.038894447203	2020.5439399283032
0.1855719286186586	0.1869866795715067	2.887336461504288E-4	0.10915559309804393	413.12415771282116	0.18698667957150658	0.1091555930980441	413.1241577128206	12104.875613371254	2033.8288800121957
0.18801642869845142	0.18355555483333197	2.8121817435551886E-4	0.10979136526698759	410.4687461040742	0.18355555483333186	0.10979136526698752	410.46874610407366	12084.16890600636	2046.837009531221
0.19046092877824425	0.18019817554283074	2.7387972068488686E-4	0.11041769653633891	407.86086938620616	0.18019817554283063	0.1104176965363389	407.8608693862056	12063.907351330166	2059.575037255916
0.19290542885803708	0.17691270517889826	2.667155844074305E-4	0.1110346954468568	405.299551521384	0.17691270517889815	0.11103469544685718	405.2995515213834	12044.079873505078	2072.049477034372
0.1953499289378299	0.17369736249380993	2.5972299832658323E-4	0.11164246937085956	402.7838386388073	0.17369736249380982	0.11164246937085946	402.78383863880674	12024.675729155026	2084.26665431805
0.19779442901762273	0.17055041948335278	2.5289913965911544E-4	0.11224112636121615	400.31279880768125	0.17055041948335267	0.11224112636121572	400.3127988076807	12005.684495210533	2096.2327124644316
0.20023892909741556	0.16747019944578645	2.462411400179674E-4	0.1128307765923013	397.8855217606364	0.16747019944578634	0.11283077659230183	397.88552176063575	11987.096057282495	2107.9536188252646
0.20393981984783138	0.16293021243257524	2.3647030375706393E-4	0.11370658665813937	394.2920125283702	0.16293021243257513	0.11370658665813947	394.2920125283696	11959.698522022942	2125.2450198772426
0.2076407105982472	0.15853400199379003	2.2706277163438057E-4	0.11456237564643347	390.7937857580211	0.15853400199378992	0.11456237564643337	390.7937857580204	11933.168977507537	2142.007163116305
0.21134160134866303	0.1542763644169336	2.1800826132526671E-4	0.11539851974781647	387.38795501356634	0.1542763644169335	0.1153985197478165	387.38795501356566	11907.476025072558	2158.258633934148
0.21504249209907886	0.1501523205882472	2.0929645381511855E-4	0.1162153933878859	384.07173762707254	0.1501523205882471	0.11621539338788582	384.07173762707185	11882.58961839524	2174.01723778566
0.21874338284949468	0.1461571043652915	2.0091703738709117E-4	0.11701336932485161	380.84245116020816	0.1461571043652914	0.1170133693248516	380.8424511602074	11858.48099373692	2189.300038605748
0.2224442735999105	0.14228615155032823	1.9285974687274123E-4	0.11779281798522272	377.69750987122757	0.14228615155032812	0.11779281798522277	377.6975098712268	11835.12260377421	2204.1233954274226
0.22614516435032633	0.13853508948619467	1.8511439804052678E-4	0.11855410694051435	374.634421175839	0.13853508948619456	0.11855410694051433	374.63442117583827	11812.48805514994	2218.5029971459917
0.22984605510074216	0.1348997273335585	1.776709166441783E-4	0.11929760071796654	371.6507820790216	0.1348997273335584	0.11929760071796654	371.65078207902087	11790.55205009594	2232.4538952760313
0.23354694585115798	0.13137604698565014	1.7051936269720986E-4	0.12002366037308686	368.7442756230892	0.13137604698565003	0.12002366037308689	368.7442756230884	11769.29033186562	2245.990534787468
0.2372478366015738	0.12796019452310317	1.6364995104239293E-4	0.12073264317045869	365.91266741775945	0.12796019452310306	0.12073264317045869	365.91266741775866	11748.679633397038	2259.1267832442913
0.24094872735198963	0.12464847214680405	1.5705306887886088E-4	0.12142490241558905	363.1538022789849	0.12464847214680394	0.12142490241558906	363.15380227898413	11728.697628836579	2271.8759584040504
0.24464961810240546	0.1214373305724412	1.507192904231549E-4	0.12210078717117466	360.4656009693943	0.12143733057244109	0.12210078717117469	360.4656009693935	11709.322887825587	2284.2508543343815
0.24835050885282128	0.11832336187483823	1.4463938883845344E-4	0.12276064205266594	357.8460570358453	0.11832336187483812	0.12276064205266594	357.8460570358445	11690.53483247935	2296.2637660861674
0.2520513996032371	0.11530329275156564	1.3880434575561505E-4	0.12340480711238405	355.29323375514997	0.11530329275156553	0.12340480711238405	355.2932337551491	11672.313696876725	2307.9265130031154
0.2557522903536529	0.11237397816793133	1.3320535877095374E-4	0.12403361765204488	352.8052612003976	0.11237397816793122	0.12403361765204486	352.8052612003967	11654.64048883414	2319.25046076862
0.2594531811040687	0.10953239535418033	1.2783384719937507E-4	0.12464740409475693	350.380333429645	0.10953239535418022	0.12464740409475694	350.38033342964417	11637.49695379028	2330.2465422748605
0.2631540718544845	0.10677563813529294	1.2268145625564562E-4	0.12524649192126047	348.01670579176215	0.10677563813529282	0.1252464919212605	348.0167057917613	11620.865540684366	2340.9252773778735
0.26685496260490027	0.10410091157530084	1.1774005982017988E-4	0.1258312015529866	345.7126923457921	0.10410091157530073	0.1258312015529866	345.71269234579125	11604.729369719904	2351.296791596443
0.27055585335531607	0.10150552691564843	1.130017619689701E-4	0.1264018482791188	343.46666339344335	0.10150552691564832	0.1264018482791188	343.4666633934425	11589.072201891835	2361.3708338161
0.27425674410573186	0.09898689678703528	1.0845889744342093E-4	0.12695874223600162	341.27704312381735	0.09898689678703516	0.12695874223600165	341.2770431238165	11573.878410154368	2371.156793060502
0.27795763485614766	0.09654253067689507	1.0410403120265777E-4	0.12750218834100902	339.1423073667994	0.09654253067689494	0.12750218834100902	339.14230736679855	11559.132952122665	2380.6637143872667
0.28165852560656346	0.0941700306372616	9.99299571717481E-5	0.12803248625939243	337.06098145029495	0.09417003063726148	0.1280324862593924	337.06098145029404	11544.821344217393	2389.9003139584893
0.28535941635697926	0.09186708721877075	9.592969628877454E-5	0.1285499304189986	335.0316381571504	0.09186708721877064	0.12854993041899862	335.0316381571495	11530.929637166979	2398.8749933326812
0.28906030710739505	0.08963147561684409	9.209649395028086E-5	0.12905480998158242	333.052895778325	0.08963147561684398	0.12905480998158242	333.0528957783241	11517.44439278394	2407.5958530234634
0.2946292799763222	0.08638959585664542	8.662892873932431E-5	0.12979148038470925	330.16777785114397	0.0863895958566453	0.1297914803847092	330.16777785114306	11497.889880089753	2420.2574906273353
0.30019825284524937	0.08328836398316079	8.150356083943908E-5	0.13050128700186966	327.38983470520924	0.08328836398316067	0.1305012870018697	327.38983470520833	11479.184375944977	2432.3874760390413
0.3057672257141765	0.0803211751049501	7.670014245382239E-5	0.13118514817076474	324.714886126294	0.08032117510494997	0.13118514817076468	324.7148861262931	11461.287984658424	2444.009936400064
0.3113361985831037	0.07748177361861047	7.219947870826148E-5	0.13184395560451276	322.1389419888344	0.07748177361861035	0.1318439556045127	322.1389419888335	11444.162920288592	2455.1477539150055
0.31690517145203084	0.07476423193693653	6.798339110175197E-5	0.13247857479665195	319.6581913112619	0.0747642319369364	0.13247857479665204	319.6581913112609	11427.773378322336	2465.8226409565145
0.322474144320958	0.0721629304724958	6.403468024054831E-5	0.13308984557011277	317.268991955414	0.07216293047249568	0.13308984557011275	317.268991955413	11412.08541490979	2476.0552107478607
0.32804311718988516	0.06967253893202972	6.033708776568702E-5	0.13367858215682035	314.9678609929138	0.0696725389320296	0.1336785821568203	314.96786099291285	11397.066833987496	2485.8650434349215
0.3336120900588123	0.06728799904840678	5.687525728703818E-5	0.1342455737163036	312.7514657979969	0.06728799904840665	0.13424557371630375	312.75146579799593	11382.687083053532	2495.270747105261
0.3391810629277395	0.0650045086329625	5.3634694882945755E-5	0.13479158510301428	310.61661581516375	0.06500450863296238	0.13479158510301428	310.6166158151628	11368.917156892117	2504.2900141574146
0.34475003579666663	0.06281750671627022	5.060172993724237E-5	0.1353173569898853	308.5602548948065	0.0628175067162701	0.1353173569898852	308.56025489480555	11355.72950785362	2512.939673825133
0.3503190086655938	0.06072265963761234	4.776347667654791E-5	0.1358236063734342	306.57945412841514	0.06072265963761222	0.13582360637343432	306.57945412841417	11343.09796185277	2521.2357413425657
0.35588798153452095	0.05871584805056209	4.510779642758982E-5	0.13631102753187288	304.6714051623277	0.058715848050561965	0.1363110275318729	304.67140516232666	11330.997639889049	2529.193463869356
0.3614569544034481	0.056793154817403664	4.262326064004079E-5	0.13678029216061505	302.8334139726643	0.056793154817403546	0.13678029216061488	302.8334139726632	11319.404884922757	2536.8273632775363
0.36702592727237526	0.05495085372009189	4.029911486514567E-5	0.1372320497792702	301.0628950651993	0.05495085372009177	0.13723204977927034	301.06289506519823	11308.297193674713	2544.1512760514042
0.3725949001413024	0.05318539890122212	3.8125243882272414E-5	0.13766692890536136	299.3573660574043	0.05318539890122201	0.13766692890536145	299.35736605740317	11297.6531528306	2551.178390602129
0.3781638730102296	0.05149341497192817	3.609213805160778E-5	0.1380855371938182	297.7144426095004	0.05149341497192806	0.13808553719381797	297.71444260949926	11287.452379266982	2557.921282223554
0.38373284587915674	0.04987168774608105	3.419086089666831E-5	0.1384884616059134	296.13183368120156	0.04987168774608094	0.13848846160591358	296.1318336812004	11277.675464056443	2564.3919458327105
0.3893018187480839	0.04831715556238516	3.2413017930164206E-5	0.1388762698366453	294.60733709252463	0.04831715556238505	0.13887626983664544	294.6073370925235	11268.303920023145	2570.6018266298056
0.39487079161701105	0.04682690114995561	3.075072675785197E-5	0.13924951052908696	293.1388353651396	0.0468269011499555	0.13924951052908663	293.13883536513845	11259.32013257657	2576.561848839786
0.4004397644859382	0.04539814399353005	2.919658848002414E-5	0.139608713022064	291.72429182120896	0.04539814399352994	0.13960871302206415	291.7242918212078	11250.707313561014	2582.2824426890015
0.40600873735486537	0.04402823316156758	2.774366038262817E-5	0.13995438905542015	290.3617469196885	0.044028233161567475	0.13995438905542043	290.3617469196874	11242.449457904331	2587.7735697428293
0.4115777102237925	0.04271464056649504	2.6385429893498785E-5	0.14028703323418862	289.04931481288764	0.04271464056649493	0.14028703323418812	289.0493148128865	11234.531302874278	2593.0447467204776
0.4171466830927197	0.04145495462826596	2.5115789775765395E-5	0.1406071221058492	287.7851801074343	0.041454954628265865	0.1406071221058493	287.7851801074332	11226.938289768326	2598.1050678900356
0.42271565596164684	0.04024687431294013	2.392901453577922E-5	0.14091511610235405	286.56759481438286	0.04024687431294004	0.14091511610235458	286.5675948143817	11219.656527874951	2602.963226135778
0.428284628830574	0.03908820351980061	2.281973801925824E-5	0.1412114606060737	285.394875474166	0.039088203519800524	0.14121146060607306	285.39487547416485	11212.672760539275	2607.6275327993294
0.43385360169950116	0.037976845793303245	2.178293215509076E-5	0.14149658405108617	284.2654004435405	0.03797684579330316	0.14149658405108612	284.26540044353936	11205.974333185864	2612.1059363832155
0.4394225745684283	0.03691079933934727	2.0813886801474527E-5	0.14177090011276874	283.17760733420585	0.03691079933934718	0.14177090011276883	283.1776073342047	11199.549163189018	2616.4060401749116
0.4449915474373555	0.03588815232201611	1.9908190682533423E-5	0.1420348089323554	282.12999058597086	0.03588815232201603	0.14203480893235426	282.1299905859697	11193.385711436722	2620.535118890475
0.45056052030628263	0.03490707842897301	1.9061713330189502E-5	0.1422886955851093	281.12109917522884	0.034907078428972935	0.14228869558510948	281.1210991752277	11187.472955513016	2624.500134376417
0.4561294931752098	0.03396583268414258	1.827058801313314E-5	0.14253293119143856	280.14953444402624	0.0339658326841425	0.14253293119143962	280.1495344440251	11181.800364380792	2628.307750438125
0.46169846604413695	0.033062747490481374	1.753119562398993E-5	0.14276787519747447	279.21394803804986	0.0330627474904813	0.14276787519747317	279.2139480380487	11176.35787445832	2631.964346861331
0.4672674389130641	0.03219622888947157	1.6840149471543027E-5	0.1429938731891855	278.3130399480435	0.0321962288894715	0.1429938731891853	278.3130399480424	11171.135866997436	2635.4760326837873
0.47283641178199126	0.03136475302474776	1.6194280926538255E-5	0.1432112572880728	277.44555664993186	0.03136475302474769	0.1432112572880748	277.4455566499308	11166.12514670135	2638.8486587458437
0.4784053846509184	0.030566862796889194	1.5590625889512843E-5	0.14342035017212107	276.61028933642643	0.030566862796889124	0.14342035017211943	276.61028933642535	11161.316921505873	2642.0878295642033
0.4839743575198456	0.029801164696899973	1.5026412043907434E-5	0.14362146219665065	275.8060722325093	0.029801164696899904	0.14362146219664945	275.8060722325082	11156.702783427676	2645.1989145951948
0.48954333038877273	0.02906632580728651	1.4499046848611051E-5	0.14381488984509877	275.03178098912167	0.029066325807286443	0.14381488984510218	275.0317809891206	11152.274690428934	2648.1870589103055
0.4951123032576999	0.02836107096090572	1.4006106239380909E-5	0.1440009223537426	274.2863311506523	0.02836107096090566	0.14400092235374104	274.2863311506512	11148.024949252718	2651.057193304374
0.500681276126627	0.02768418004830746	1.3545324003648951E-5	0.14417983900842907	273.5686766918577	0.0276841800483074	0.14417983900842576	273.56867669185664	11143.94619913804	2653.814043903853
0.5062502489955542	0.027034485464608002	1.3114581779688105E-5	0.1443519037026721	272.87780861971055	0.02703448546460794	0.1443519037026774	272.87780861970947	11140.031396373446	2656.462141293602
0.5118192218644813	0.02641086968798242	1.2711899657358348E-5	0.14451737584338942	272.212753636241	0.026410869687982355	0.14451737584338967	272.21275363623994	11136.273799679571	2659.0058291518685
0.5173881947334084	0.02581226298059493	1.2335427357700734E-5	0.14467650415365593	271.5725728566387	0.025812262980594865	0.14467650415365563	271.57257285663763	11132.666956298292	2661.4492724938004
0.5229571676023355	0.02523764120666969	1.1983435942885464E-5	0.14482952722483694	270.9563605820284	0.025237641206669624	0.14482952722483722	270.95636058202734	11129.204688804026	2663.796465492472
0.5285261404712626	0.02468602376084493	1.1654310028211872E-5	0.14497667563833785	270.3632431235342	0.024686023760844864	0.14497667563833777	270.3632431235331	11125.881082585334	2666.051238911899
0.5340951133401897	0.024156471599803	1.134654047451083E-5	0.14511817141395378	269.7923776735343	0.024156471599802935	0.14511817141395375	269.7923776735332	11122.690473945999	2668.2172671857907
0.5396640862091168	0.023648085371199203	1.1058717535170522E-5	0.14525422835533258	269.2429512212031	0.023648085371199137	0.1452542283553326	269.242951221202	11119.627438796595	2670.2980751558825
0.5452330590780439	0.023160003634778853	1.0789524429053394E-5	0.14538505244804	268.71417951042235	0.023160003634778787	0.14538505244803998	268.7141795104213	11116.686781903894	2672.297044488921
0.5546432881491896	0.022379115293264	1.0373591706162619E-5	0.1455947728881636	267.86551904572406	0.02237911529326394	0.14559477288816358	267.865519045723	11111.982076224182	2675.4978480730356
0.5640535172203354	0.021650101105975126	1.0001959793990023E-5	0.1457910252005652	267.0702075835903	0.021650101105975064	0.14579102520056517	267.0702075835892	11107.590003905963	2678.4889994419664
0.5734637462914811	0.020969462237699108	9.66980217793127E-6	0.14597466325344463	266.32497277134576	0.020969462237699046	0.14597466325344466	266.32497277134473	11103.489467109266	2681.284319014507
0.5828739753626269	0.020333942253537456	9.372820151739897E-6	0.1461464879754943	265.62673622040546	0.020333942253537393	0.14614648797549432	265.6267362204044	11099.660830835839	2683.8967018774388
0.5922842044337726	0.019740509782734342	9.107186813369967E-6	0.14630725051492663	264.97260249264565	0.019740509782734283	0.14630725051492663	264.9726024926446	11096.085818197324	2686.338181161917
0.6016944335049184	0.019186342268374068	8.869495740501763E-6	0.1464576551889228	264.35984862549185	0.019186342268374013	0.14645765518892281	264.3598486254908	11092.747412250439	2688.619987597839
0.6111046625760641	0.018668810814930607	8.65671439608194E-6	0.14659836232804133	263.78591418535024	0.018668810814930548	0.14659836232804135	263.7859141853492	11089.629764471869	2690.752605220126
0.6205148916472099	0.018185466291121277	8.46614296084766E-6	0.14672999096006334	263.24839191678944	0.018185466291121218	0.14672999096006337	263.2483919167884	11086.718110825128	2692.745822683425
0.6299251207183556	0.01773402661682785	8.295378175541016E-6	0.14685312129450667	262.74501897382714	0.01773402661682779	0.14685312129450667	262.7450189738261	11083.99869498782	2694.608780414707
0.6393353497895014	0.017312365015488912	8.142281090958363E-6	0.14696829707130146	262.2736686545059	0.017312365015488853	0.14696829707130146	262.2736686545049	11081.458697416361	2696.3500143439805
0.6487455788606471	0.016918499083610043	8.004947998138365E-6	0.14707602778708104	261.83234257483537	0.016918499083609984	0.14707602778708104	261.83234257483434	11079.08616935041	2697.9774967259104
0.6581558079317928	0.01655058064373101	7.881684376484565E-6	0.14717679079603116	261.41916326032464	0.016550580643730953	0.14717679079603116	261.4191632603236	11076.869971553315	2699.4986741759603
0.6675660370029386	0.016206886366679017	7.770981779297969E-6	0.1472710332876204	261.03236714867194	0.016206886366678958	0.1472710332876204	261.0323671486709	11074.799717702743	2700.9205029704076
0.6769762660740843	0.01588580910508436	7.671497353872887E-6	0.14735917414304517	260.67029798626595	0.0158858091050843	0.14735917414304517	260.6702979862649	11072.86572208027	2702.2494818031946
0.6863864951452301	0.015585849858140438	7.582035594943731E-6	0.14744160568172385	260.33140059040045	0.015585849858140379	0.14744160568172385	260.33140059039937	11071.058951075633	2703.4916822698406
0.6957967242163758	0.015305610306533062	7.501532038292275E-6	0.1475186953073467	260.01421495103375	0.015305610306533005	0.1475186953073467	260.01421495103267	11069.370978136107	2704.6527772893455
0.7052069532875216	0.015043785880605174	7.4290387263927374E-6	0.1475907870568537	259.71737065381336	0.015043785880605117	0.1475907870568537	259.7173706538123	11067.793941937578	2705.73806759408
0.7146171823586673	0.014799159329633707	7.363711299502282E-6	0.14765820305623073	259.4395816104394	0.01479915932963365	0.14765820305623073	259.4395816104383	11066.320507583001	2706.752506398743
0.7240274114298131	0.014570594753808168	7.3047975331496514E-6	0.1477212448882165	259.17964108179876	0.014570594753808112	0.1477212448882165	259.1796410817977	11064.94383059582	2707.7007223791434
0.7334376405009588	0.014357032059150196	7.251627140058599E-6	0.14778019487747612	258.9364169777648	0.01435703205915014	0.14778019487747612	258.9364169777637	11063.657523467866	2708.5870410971643
0.7428478695721046	0.014157481801649089	7.203602689799559E-6	0.1478353172984872	258.7088474180527	0.014157481801649035	0.1478353172984872	258.7088474180516	11062.455624557757	2709.4155049895103
0.7522580986432503	0.013971020393132676	7.1601915330149046E-6	0.1478868595102705	258.49593654046123	0.013971020393132624	0.1478868595102705	258.49593654046015	11061.33256917359	2710.1898920169733
0.7616683277143961	0.013796785643653147	7.120918628200809E-6	0.14793505302178572	258.29675054435603	0.013796785643653093	0.14793505302178572	258.29675054435495	11060.2831626875	2710.9137330626113
0.7710785567855418	0.013633972615421392	7.085360170236133E-6	0.14798011449201381	258.11041395768393	0.01363397261542134	0.14798011449201381	258.11041395768285	11059.302555531094	2711.5903281660167
0.7804887858566876	0.0134818297645653	7.053137927222207E-6	0.14802224666865535	257.93610611585103	0.013481829764565249	0.14802224666865535	257.93610611584995	11058.386219928341	2712.222761677049
0.7898990149278333	0.013339655349463046	7.023914205971052E-6	0.14806163926910096	257.7730578411924	0.013339655349462994	0.148061639269101	257.7730578411913	11057.529928237494	2712.8139164045315
0.7993092439989791	0.013206794086697584	6.9973873784737556E-6	0.14809846980702357	257.6205483125186	0.013206794086697532	0.14809846980702357	257.62054831251754	11056.729732787482	2713.3664868276737
0.8087194730701248	0.013082634037100329	6.973287908530626E-6	0.14813290436773516	257.47790211492566	0.013082634037100277	0.14813290436773516	257.4779021149246	11055.981947102851	2713.8829914330217
0.8181297021412706	0.012966603705355918	6.951374822427001E-6	0.14816509833534808	257.3444864604877	0.012966603705355864	0.14816509833534808	257.3444864604866	11055.283128417368	2714.3657842362327
0.8275399312124163	0.012858169337783979	6.931432573178145E-6	0.14819519707464693	257.2197085707578	0.012858169337783925	0.14819519707464693	257.2197085707567	11054.630061383366	2714.8170655442236
0.8369501602835621	0.012756832404207469	6.913268254234097E-6	0.14822333657039474	257.1030132123727	0.012756832404207415	0.14822333657039471	257.1030132123716	11054.019742891693	2715.23889200895
0.8463603893547078	0.012662127250989629	6.896709124013687E-6	0.148249644026626	256.9938803775139	0.012662127250989577	0.14824964402662602	256.9938803775128	11053.449367924253	2715.633186020072
0.8557706184258536	0.012573618913266523	6.881600406743668E-6	0.1482742384283347	256.891823101414	0.012573618913266471	0.1482742384283347	256.8918231014129	11052.916316366853	2716.0017444804703
0.8651808474969993	0.012490901075223432	6.867803338525484E-6	0.14829723106783826	256.7963854094569	0.01249090107522338	0.14829723106783826	256.7963854094558	11052.418140714974	2716.346247005728
0.874591076568145	0.01241359416806718	6.855193430941474E-6	0.14831872603797686	256.7071403867436	0.012413594168067128	0.14831872603797686	256.70714038674254	11051.952554610021	2716.6682635859474
0.8840013056392908	0.012341343596130384	6.8436589277733445E-6	0.14833882069417764	256.6236883633221	0.012341343596130332	0.14833882069417764	256.62368836332104	11051.517422148307	2716.9692617455694
0.8934115347104366	0.012273818082259233	6.833099433242104E-6	0.1483576060872926	256.54565520862167	0.012273818082259181	0.14835760608729257	256.5456552086206	11051.110747909346	2717.250613234358
0.9028217637815823	0.01221070812427068	6.823424692548727E-6	0.14837516736900838	256.47269072896194	0.012210708124270627	0.1483751673690084	256.47269072896086	11050.730667653881	2717.5136002804684
0.912231992852728	0.012151724554843146	6.814553507574564E-6	0.14839158417152226	256.40446716230446	0.012151724554843094	0.1483915841715223	256.4044671623034	11050.375439645579	2717.759421434474
0.9264447168136571	0.012069867214858062	6.802518243422684E-6	0.1484143734142346	256.30973862868467	0.01206986721485801	0.1484143734142346	256.3097386286836	11049.882456238056	2718.100618882613
0.9406574407745862	0.011995955477798463	6.791929696920403E-6	0.14843495660871694	256.2241569597387	0.011995955477798413	0.14843495660871697	256.2241569597376	11049.437326678199	2718.4087447482934
0.9548701647355153	0.01192921716727905	6.78259823829019E-6	0.1484535470623619	256.14684193015995	0.011929217167278999	0.14845354706236188	256.14684193015887	11049.035400094965	2718.687004479035
0.9690828886964444	0.011868955270082318	6.774361220101174E-6	0.14847033748108968	256.0769974463554	0.011868955270082264	0.14847033748108965	256.0769974463543	11048.672478381857	2718.9382930289744
0.9832956126573735	0.011814540706844281	6.76707899935364E-6	0.1484855019769506	256.01390371476776	0.011814540706844227	0.1484855019769506	256.0139037147667	11048.344772641023	2719.1652244664833
0.9975083366183026	0.011765405673045914	6.7606314377019046E-6	0.1484991978444701	255.95690998820257	0.01176540567304586	0.14849919784447008	255.95690998820152	11048.048863064238	2719.3701592855737
1.0117210605792317	0.0117210375745537	6.7549148831628135E-6	0.1485115671781619	255.90542793001399	0.011721037574553648	0.1485115671781619	255.90542793001293	11047.78166239693	2719.5552293080823
1.0259337845401608	0.011680973616734753	6.749839690038801E-6	0.14852273836196436	255.8589256600179	0.0116809736167347	0.14852273836196436	255.85892566001687	11047.540383341111	2719.722359934804
1.04014650850109	0.011644795982082614	6.74532819779772E-6	0.1485328273751307	255.8169224126027	0.011644795982082562	0.1485328273751307	255.81692241260168	11047.32250950479	2719.8732900113664
1.054359232462019	0.011612127474428172	6.7413130238563356E-6	0.14854193898010243	255.7789836846551	0.01161212747442812	0.14854193898010243	255.77898368465407	11047.125769162889	2720.009589798659
1.068571956422948	0.01158262755704612	6.737735583504581E-6	0.14855016780989738	255.74471680695154	0.011582627557046069	0.14855016780989738	255.74471680695052	11046.948111391426	2720.1326773332635
1.0827846803838772	0.01155598876782433	6.734544821652854E-6	0.14855759934471144	255.71376692653362	0.01155598876782428	0.14855759934471144	255.7137669265326	11046.787684473467	2720.2438332411257
1.0969974043448063	0.011531933497181193	6.7316961505603115E-6	0.14856431079717286	255.68581338338288	0.011531933497181143	0.14856431079717286	255.68581338338186	11046.642816490661	2720.344214064227
1.1112101283057354	0.011510211091011755	6.72915056159638E-6	0.14857037191036826	255.66056643933493	0.011510211091011704	0.14857037191036826	255.6605664393339	11046.511997873018	2720.4348642559835
1.1254228522666645	0.011490595234088874	6.7268738689034746E-6	0.14857584567692939	255.6377643135586	0.011490595234088824	0.14857584567692936	255.63776431355757	11046.393865638262	2720.516727025371
1.1396355762275936	0.011472881582293865	6.7248360573453525E-6	0.14858078899215454	255.61717049407108	0.011472881582293816	0.14858078899215454	255.61717049407005	11046.287189130173	2720.5906541555873
1.1538483001885227	0.011456885624166038	6.723010723102648E-6	0.14858525324404795	255.59857130537273	0.01145688562416599	0.14858525324404795	255.5985713053717	11046.190857138343	2720.657414875949
1.1680610241494518	0.011442440753444241	6.721374598110597E-6	0.148589284845536	255.58177371131433	0.011442440753444192	0.148589284845536	255.5817737113133	11046.103866288944	2720.7177038631057
1.1822737481103809	0.01142939653112055	6.719907145293303E-6	0.14859292571557411	255.56660332917545	0.011429396531120501	0.14859292571557411	255.56660332917443	11046.025310577103	2720.7721484602957
1.19648647207131	0.011417617115999971	6.718590210701203E-6	0.1485962137135842	255.5529026327213	0.011417617115999923	0.1485962137135842	255.55290263272028	11045.954371914271	2720.821315200167
1.210699196032239	0.01140697984685476	6.71740772145411E-6	0.14859918303094435	255.5405293274949	0.01140697984685471	0.14859918303094435	255.54052932749389	11045.890311588737	2720.8657156988434
1.2249119199931682	0.01139737396193916	6.716345428277377E-6	0.1486018645509783	255.52935487907715	0.011397373961939112	0.1486018645509783	255.5293548790761	11045.832462553517	2720.905811983351
1.2391246439540973	0.011388699443782645	6.715390681455655E-6	0.14860428616216523	255.51926318540177	0.011388699443782596	0.1486042861621652	255.51926318540072	11045.78022246882	2720.942021297764
1.2533373679150264	0.011380865976745598	6.714532235838912E-6	0.14860647305231958	255.51014937815864	0.01138086597674555	0.14860647305231958	255.5101493781576	11045.733047423715	2720.9747204406694
1.2675500918759555	0.011373792005632316	6.71376008247324E-6	0.14860844796908143	255.5019187382915	0.011373792005632268	0.14860844796908143	255.50191873829044	11045.690446266468	2721.0042496842425
1.2817628158368846	0.011367403885407995	6.713065303143234E-6	0.14861023145604343	255.49448571459212	0.011367403885407946	0.14861023145604343	255.49448571459106	11045.65197548362	2721.030916315879
1.2959755397978137	0.011361635113483608	6.712439943566037E-6	0.14861184206636227	255.48777303699896	0.01136163511348356	0.14861184206636227	255.4877730369979	11045.617234576355	2721.054997836495
1.3176012521288554	0.011353912184708733	6.711605827606432E-6	0.1486139983234038	255.47878599699652	0.011353912184708685	0.1486139983234038	255.47878599699547	11045.570725293588	2721.087237361624
1.339226964459897	0.011347299352037776	6.7108944358253885E-6	0.14861584469092584	255.47109033750343	0.011347299352037727	0.1486158446909258	255.47109033750237	11045.530901286242	2721.114843178422
1.3608526767909388	0.011341636994638611	6.710287378360644E-6	0.1486174257142761	255.46450048313412	0.011341636994638563	0.1486174257142761	255.46450048313307	11045.496801273379	2721.1384814581993
1.3824783891219805	0.011336788414057223	6.709769097518451E-6	0.14861877954535127	255.45885747858293	0.011336788414057173	0.14861877954535127	255.45885747858188	11045.467602020139	2721.1587227355394
1.4041041014530222	0.011332636633462654	6.709326430339238E-6	0.14861993883469468	255.4540252782024	0.011332636633462604	0.14861993883469468	255.45402527820136	11045.442599061491	2721.1760552559545
1.425729813784064	0.011329081543563158	6.708948221530792E-6	0.14862093152678318	255.4498874368565	0.011329081543563107	0.14862093152678318	255.44988743685545	11045.421189513796	2721.190896878455
1.4473555261151057	0.011326037410320185	6.708624992455697E-6	0.14862178155478936	255.44634421915646	0.011326037410320136	0.14862178155478936	255.4463442191554	11045.402857065304	2721.203605470373
1.4689812384461474	0.011323430788238846	6.708348676517407E-6	0.148622509422476	255.44331017714293	0.011323430788238798	0.148622509422476	255.44331017714188	11045.38715940926	2721.2144876125412
1.490606950777189	0.011321198780820324	6.708112407953211E-6	0.14862313268942143	255.44071212947807	0.011321198780820278	0.14862313268942146	255.44071212947702	11045.3737177678	2721.223805857669
1.5122326631082308	0.011319287546091485	6.707910342724589E-6	0.14862366638793834	255.43848742499523	0.011319287546091438	0.14862366638793834	255.43848742499418	11045.3622078918	2721.2317849664532
1.5338583754392725	0.011317650990186974	6.707737501754681E-6	0.14862412338754702	255.43658242480666	0.011317650990186928	0.14862412338754702	255.4365824248056	11045.352352193222	2721.238617358931
1.5554840877703142	0.011316249640325184	6.707589637473933E-6	0.14862451470943974	255.434951192556	0.011316249640325137	0.14862451470943974	255.43495119255496	11045.343912957842	2721.2444678175507
1.577109800101356	0.0113150496903389	6.707463123933191E-6	0.148624849792849	255.4335543846916	0.011315049690338853	0.148624849792849	255.43355438469055	11045.336686597167	2721.249477470669
1.5987355124323976	0.011314022192082399	6.707354865702523E-6	0.14862513672073643	255.43235831004168	0.011314022192082352	0.14862513672073643	255.43235831004063	11045.330498778887	2721.253767167531
1.6203612247634394	0.011313142361061625	6.707262219938007E-6	0.14862538241360765	255.43133412221673	0.011313142361061578	0.14862538241360765	255.43133412221567	11045.325200245188	2721.2574403765125
1.641986937094481	0.011312388976499513	6.707182928998585E-6	0.14862559279697118	255.43045712186495	0.011312388976499468	0.14862559279697118	255.4304571218639	11045.320663199798	2721.2605856891755
1.6636126494255228	0.01131174386649318	6.707115063135026E-6	0.14862577294505586	255.42970615780288	0.011311743866493135	0.14862577294505586	255.42970615780183	11045.316778207467	2721.2632789692543
1.6962871146750853	0.01131094068989872	6.707030607351903E-6	0.14862599723416073	255.42877118526204	0.011310940689898673	0.1486259972341607	255.42877118526098	11045.311941304108	2721.2666321691863
1.7289615799246478	0.01131030543493682	6.706963839666429E-6	0.14862617463120462	255.42803168506828	0.011310305434936774	0.1486261746312046	255.42803168506722	11045.308115661363	2721.2692843133545
1.7616360451742104	0.011309802952198418	6.706911045670612E-6	0.14862631495154935	255.42744674245003	0.011309802952198371	0.14862631495154935	255.42744674244898	11045.305089601774	2721.2713821454477
1.7943105104237729	0.011309405422166269	6.706869289879866E-6	0.14862642596356065	255.42698397426554	0.011309405422166222	0.14862642596356068	255.4269839742645	11045.302695590119	2721.2730418084475
1.8269849756733354	0.011309090908357943	6.7068362609605E-6	0.1486265137930267	255.42661784510312	0.011309090908357895	0.14862651379302666	255.42661784510207	11045.300801520123	2721.2743548847775
1.859659440922898	0.011308842104653744	6.706810137392971E-6	0.1486265832727171	255.42632820927207	0.011308842104653695	0.1486265832727171	255.42632820927102	11045.29930317058	2721.2753936259014
1.8923339061724604	0.011308645303837085	6.706789477152053E-6	0.14862663823039873	255.42609911031153	0.011308645303837038	0.14862663823039873	255.42609911031047	11045.298117993654	2721.2762152583673
1.925008371422023	0.011308489630144122	6.706773136391751E-6	0.14862668170314486	255.42591788779845	0.011308489630144074	0.14862668170314483	255.4259178877974	11045.29718049314	2721.276865187664
1.9576828366715855	0.011308366475488857	6.706760210184613E-6	0.14862671609478256	255.4257745211139	0.011308366475488807	0.1486267160947826	255.42577452111286	11045.296438829284	2721.277379351885
1.990357301921148	0.011308269045347551	6.706749984687673E-6	0.14862674330271125	255.42566110075873	0.011308269045347501	0.14862674330271125	255.42566110075765	11045.295852083995	2721.277786117677
2.0230317671707105	0.011308191973068532	6.706741896295108E-6	0.14862676482559792	255.4255713793502	0.011308191973068482	0.1486267648255979	255.42557137934912	11045.29538793814	2721.2781078904904
2.074209440355979	0.011308102371980178	6.706732493792803E-6	0.14862678984725344	255.42546707280576	0.01130810237198013	0.14862678984725344	255.42546707280468	11045.294848341102	2721.2784819705325
2.1253871135412474	0.011308040403579862	6.70672599143341E-6	0.14862680715229118	255.42539493401455	0.011308040403579816	0.14862680715229118	255.4253949340135	11045.29447515406	2721.278740685539
2.176564786726516	0.011307997493885773	6.706721489136821E-6	0.14862681913517017	255.42534498172412	0.011307997493885726	0.14862681913517015	255.42534498172304	11045.29421674265	2721.278919831552
2.2277424599117843	0.011307967690565641	6.706718362068401E-6	0.14862682745792172	255.4253102868208	0.011307967690565595	0.14862682745792172	255.42531028681972	11045.294037260644	2721.2790442591354
2.2789201330970528	0.011307946969553692	6.706716187792625E-6	0.14862683324435513	255.42528616504237	0.011307946969553643	0.14862683324435513	255.42528616504129	11045.293912474252	2721.2791307683237
2.330097806282321	0.011307932602341442	6.7067146800642E-6	0.1486268372564631	255.42526944002742	0.011307932602341393	0.1486268372564631	255.4252694400263	11045.293825951807	2721.2791907505493
2.41193347298076	0.011307918372765685	6.706713186658275E-6	0.14862684123013967	255.42525287538248	0.011307918372765634	0.1486268412301397	255.42525287538137	11045.293740258237	2721.279250158005
2.493769139679199	0.011307910692224766	6.7067123806678195E-6	0.14862684337497334	255.42524393438612	0.011307910692224718	0.14862684337497334	255.425243934385	11045.293694004367	2721.279282223792
2.5756048063776382	0.011307906407452474	6.7067119319561645E-6	0.14862684457174583	255.42523894570374	0.011307906407452425	0.14862684457174583	255.42523894570263	11045.293668200553	2721.279300113185
2.6574404730760772	0.011307903792701256	6.70671165848218E-6	0.14862684530188833	255.42523590123446	0.011307903792701206	0.14862684530188833	255.42523590123335	11045.293652453964	2721.2793110302187
2.7392761397745162	0.011307902170688444	6.706711487910012E-6	0.14862684575472437	255.4252340134041	0.011307902170688394	0.14862684575472437	255.425234013403	11045.293642685852	2721.2793178016527
2.8211118064729552	0.011307901277432081	6.7067113931380755E-6	0.14862684600410936	255.42523297421613	0.011307901277432033	0.14862684600410936	255.42523297421502	11045.293637306464	2721.2793215302854
2.9029474731713942	0.011307900841184996	6.706711347051071E-6	0.1486268461259591	255.4252324663785	0.011307900841184949	0.1486268461259591	255.4252324663774	11045.293634679289	2721.279323351589
2.9847831398698332	0.01130790059376728	6.706711321552237E-6	0.1486268461950845	255.4252321779805	0.01130790059376723	0.14862684619508454	255.42523217797935	11045.293633189289	2721.279324384918
3.0666188065682722	0.01130790040955181	6.706711302446137E-6	0.148626846246512	255.42523196351547	0.011307900409551761	0.14862684624651198	255.42523196351436	11045.293632079904	2721.2793251540234
3.1484544732667112	0.011307900289032245	6.706711289453586E-6	0.14862684628013617	255.42523182350973	0.011307900289032197	0.1486268462801362	255.42523182350862	11045.293631354107	2721.279325656894
3.2302901399651502	0.011307900240402463	6.706711284046928E-6	0.14862684629371414	255.4252317669913	0.011307900240402414	0.14862684629371417	255.42523176699018	11045.293631061246	2721.2793258598294
3.3121258066635892	0.011307900229046272	6.706711282983075E-6	0.14862684629690381	255.4252317536048	0.011307900229046224	0.14862684629690381	255.4252317536037	11045.293630992857	2721.279325907407
3.440327036921685	0.011307900242070264	6.706711284982255E-6	0.1486268462932827	255.42523176840905	0.011307900242070214	0.1486268462932827	255.42523176840794	11045.293631071294	2721.279325853388
3.568528267179781	0.011307900257886692	6.70671128686623E-6	0.14862684628886833	255.42523178677894	0.01130790025788664	0.14862684628886833	255.42523178677786	11045.293631166543	2721.279325787397
3.696729497437877	0.011307900248447892	6.706711285466615E-6	0.14862684629149073	255.4252317760365	0.01130790024844784	0.14862684629149073	255.42523177603542	11045.293631109698	2721.279325826559
3.824930727695973	0.01130790021823311	6.706711281917457E-6	0.14862684629991893	255.4252317410324	0.011307900218233058	0.14862684629991896	255.4252317410313	11045.293630927737	2721.2793259525356
3.953131957954069	0.01130790019455706	6.706711279451419E-6	0.14862684630653142	255.42523171345584	0.01130790019455701	0.14862684630653142	255.42523171345474	11045.293630785156	2721.2793260513968
4.263574495555274	0.011307900153696811	6.706711276134108E-6	0.1486268463179646	255.42523166548062	0.011307900153696763	0.14862684631796463	255.42523166547954	11045.293630539094	2721.2793262223922
4.57401703315648	0.011307900138236508	6.706711274899238E-6	0.14862684632228806	255.42523164737588	0.011307900138236458	0.14862684632228806	255.42523164737477	11045.293630445993	2721.279326287044
4.884459570757685	0.011307900158189518	6.706711276132499E-6	0.1486268463166951	255.4252316709816	0.011307900158189468	0.1486268463166951	255.42523167098048	11045.293630566148	2721.279326203366
5.0	0.011307900174720888	6.706711277402858E-6	0.14862684631206882	255.425231690402	0.01130790017472084	0.14862684631206882	255.42523169040092	11045.2936306657	2721.279326134174